Starting sim # 7
Loaded rubin/sw/tag/w_2023_27/loadLSST.bash
1/1000
[ 1.5  4.5  7.5 10.5 13.5]
800614.0
2/1000
[ 1.5  4.5  7.5 10.5 13.5]
801315.0
3/1000
[ 1.5  4.5  7.5 10.5 13.5]
800091.0
4/1000
[ 1.5  4.5  7.5 10.5 13.5]
800618.0
5/1000
[ 1.5  4.5  7.5 10.5 13.5]
799173.0
6/1000
[ 1.5  4.5  7.5 10.5 13.5]
799777.0
7/1000
[ 1.5  4.5  7.5 10.5 13.5]
798481.0
8/1000
[ 1.5  4.5  7.5 10.5 13.5]
801012.0
9/1000
[ 1.5  4.5  7.5 10.5 13.5]
800677.0
10/1000
[ 1.5  4.5  7.5 10.5 13.5]
799302.0
11/1000
[ 1.5  4.5  7.5 10.5 13.5]
800219.0
12/1000
[ 1.5  4.5  7.5 10.5 13.5]
800876.0
13/1000
[ 1.5  4.5  7.5 10.5 13.5]
799875.0
14/1000
[ 1.5  4.5  7.5 10.5 13.5]
800155.0
15/1000
[ 1.5  4.5  7.5 10.5 13.5]
799538.0
16/1000
[ 1.5  4.5  7.5 10.5 13.5]
799457.0
17/1000
[ 1.5  4.5  7.5 10.5 13.5]
801610.0
18/1000
[ 1.5  4.5  7.5 10.5 13.5]
799661.0
19/1000
[ 1.5  4.5  7.5 10.5 13.5]
800779.0
20/1000
[ 1.5  4.5  7.5 10.5 13.5]
800105.0
21/1000
[ 1.5  4.5  7.5 10.5 13.5]
799867.0
22/1000
[ 1.5  4.5  7.5 10.5 13.5]
800161.0
23/1000
[ 1.5  4.5  7.5 10.5 13.5]
799725.0
24/1000
[ 1.5  4.5  7.5 10.5 13.5]
799679.0
25/1000
[ 1.5  4.5  7.5 10.5 13.5]
799810.0
26/1000
[ 1.5  4.5  7.5 10.5 13.5]
799381.0
27/1000
[ 1.5  4.5  7.5 10.5 13.5]
800595.0
28/1000
[ 1.5  4.5  7.5 10.5 13.5]
799940.0
29/1000
[ 1.5  4.5  7.5 10.5 13.5]
800299.0
30/1000
[ 1.5  4.5  7.5 10.5 13.5]
799169.0
31/1000
[ 1.5  4.5  7.5 10.5 13.5]
799643.0
32/1000
[ 1.5  4.5  7.5 10.5 13.5]
799213.0
33/1000
[ 1.5  4.5  7.5 10.5 13.5]
799617.0
34/1000
[ 1.5  4.5  7.5 10.5 13.5]
799541.0
35/1000
[ 1.5  4.5  7.5 10.5 13.5]
799804.0
36/1000
[ 1.5  4.5  7.5 10.5 13.5]
799860.0
37/1000
[ 1.5  4.5  7.5 10.5 13.5]
801307.0
38/1000
[ 1.5  4.5  7.5 10.5 13.5]
798942.0
39/1000
[ 1.5  4.5  7.5 10.5 13.5]
800656.0
40/1000
[ 1.5  4.5  7.5 10.5 13.5]
799202.0
41/1000
[ 1.5  4.5  7.5 10.5 13.5]
800387.0
42/1000
[ 1.5  4.5  7.5 10.5 13.5]
800892.0
43/1000
[ 1.5  4.5  7.5 10.5 13.5]
799574.0
44/1000
[ 1.5  4.5  7.5 10.5 13.5]
800668.0
45/1000
[ 1.5  4.5  7.5 10.5 13.5]
800113.0
46/1000
[ 1.5  4.5  7.5 10.5 13.5]
799933.0
47/1000
[ 1.5  4.5  7.5 10.5 13.5]
798036.0
48/1000
[ 1.5  4.5  7.5 10.5 13.5]
798554.0
49/1000
[ 1.5  4.5  7.5 10.5 13.5]
799812.0
50/1000
[ 1.5  4.5  7.5 10.5 13.5]
800152.0
51/1000
[ 1.5  4.5  7.5 10.5 13.5]
799361.0
52/1000
[ 1.5  4.5  7.5 10.5 13.5]
800307.0
53/1000
[ 1.5  4.5  7.5 10.5 13.5]
799885.0
54/1000
[ 1.5  4.5  7.5 10.5 13.5]
800073.0
55/1000
[ 1.5  4.5  7.5 10.5 13.5]
799496.0
56/1000
[ 1.5  4.5  7.5 10.5 13.5]
799501.0
57/1000
[ 1.5  4.5  7.5 10.5 13.5]
799247.0
58/1000
[ 1.5  4.5  7.5 10.5 13.5]
799766.0
59/1000
[ 1.5  4.5  7.5 10.5 13.5]
801611.0
60/1000
[ 1.5  4.5  7.5 10.5 13.5]
800429.0
61/1000
[ 1.5  4.5  7.5 10.5 13.5]
799193.0
62/1000
[ 1.5  4.5  7.5 10.5 13.5]
799340.0
63/1000
[ 1.5  4.5  7.5 10.5 13.5]
800648.0
64/1000
[ 1.5  4.5  7.5 10.5 13.5]
800222.0
65/1000
[ 1.5  4.5  7.5 10.5 13.5]
800739.0
66/1000
[ 1.5  4.5  7.5 10.5 13.5]
799137.0
67/1000
[ 1.5  4.5  7.5 10.5 13.5]
800830.0
68/1000
[ 1.5  4.5  7.5 10.5 13.5]
797989.0
69/1000
[ 1.5  4.5  7.5 10.5 13.5]
799515.0
70/1000
[ 1.5  4.5  7.5 10.5 13.5]
799885.0
71/1000
[ 1.5  4.5  7.5 10.5 13.5]
799630.0
72/1000
[ 1.5  4.5  7.5 10.5 13.5]
800341.0
73/1000
[ 1.5  4.5  7.5 10.5 13.5]
799935.0
74/1000
[ 1.5  4.5  7.5 10.5 13.5]
799679.0
75/1000
[ 1.5  4.5  7.5 10.5 13.5]
800105.0
76/1000
[ 1.5  4.5  7.5 10.5 13.5]
800892.0
77/1000
[ 1.5  4.5  7.5 10.5 13.5]
799368.0
78/1000
[ 1.5  4.5  7.5 10.5 13.5]
800655.0
79/1000
[ 1.5  4.5  7.5 10.5 13.5]
798890.0
80/1000
[ 1.5  4.5  7.5 10.5 13.5]
799694.0
81/1000
[ 1.5  4.5  7.5 10.5 13.5]
800656.0
82/1000
[ 1.5  4.5  7.5 10.5 13.5]
801180.0
83/1000
[ 1.5  4.5  7.5 10.5 13.5]
800848.0
84/1000
[ 1.5  4.5  7.5 10.5 13.5]
799911.0
85/1000
[ 1.5  4.5  7.5 10.5 13.5]
799248.0
86/1000
[ 1.5  4.5  7.5 10.5 13.5]
799693.0
87/1000
[ 1.5  4.5  7.5 10.5 13.5]
798738.0
88/1000
[ 1.5  4.5  7.5 10.5 13.5]
800592.0
89/1000
[ 1.5  4.5  7.5 10.5 13.5]
799613.0
90/1000
[ 1.5  4.5  7.5 10.5 13.5]
800881.0
91/1000
[ 1.5  4.5  7.5 10.5 13.5]
799984.0
92/1000
[ 1.5  4.5  7.5 10.5 13.5]
799219.0
93/1000
[ 1.5  4.5  7.5 10.5 13.5]
798512.0
94/1000
[ 1.5  4.5  7.5 10.5 13.5]
799136.0
95/1000
[ 1.5  4.5  7.5 10.5 13.5]
800744.0
96/1000
[ 1.5  4.5  7.5 10.5 13.5]
800016.0
97/1000
[ 1.5  4.5  7.5 10.5 13.5]
800099.0
98/1000
[ 1.5  4.5  7.5 10.5 13.5]
800164.0
99/1000
[ 1.5  4.5  7.5 10.5 13.5]
799294.0
100/1000
[ 1.5  4.5  7.5 10.5 13.5]
799752.0
101/1000
[ 1.5  4.5  7.5 10.5 13.5]
800292.0
102/1000
[ 1.5  4.5  7.5 10.5 13.5]
799546.0
103/1000
[ 1.5  4.5  7.5 10.5 13.5]
799007.0
104/1000
[ 1.5  4.5  7.5 10.5 13.5]
799934.0
105/1000
[ 1.5  4.5  7.5 10.5 13.5]
798429.0
106/1000
[ 1.5  4.5  7.5 10.5 13.5]
799557.0
107/1000
[ 1.5  4.5  7.5 10.5 13.5]
800014.0
108/1000
[ 1.5  4.5  7.5 10.5 13.5]
799597.0
109/1000
[ 1.5  4.5  7.5 10.5 13.5]
799932.0
110/1000
[ 1.5  4.5  7.5 10.5 13.5]
800795.0
111/1000
[ 1.5  4.5  7.5 10.5 13.5]
800063.0
112/1000
[ 1.5  4.5  7.5 10.5 13.5]
800330.0
113/1000
[ 1.5  4.5  7.5 10.5 13.5]
799239.0
114/1000
[ 1.5  4.5  7.5 10.5 13.5]
799651.0
115/1000
[ 1.5  4.5  7.5 10.5 13.5]
797723.0
116/1000
[ 1.5  4.5  7.5 10.5 13.5]
800054.0
117/1000
[ 1.5  4.5  7.5 10.5 13.5]
799914.0
118/1000
[ 1.5  4.5  7.5 10.5 13.5]
800251.0
119/1000
[ 1.5  4.5  7.5 10.5 13.5]
798716.0
120/1000
[ 1.5  4.5  7.5 10.5 13.5]
799902.0
121/1000
[ 1.5  4.5  7.5 10.5 13.5]
800320.0
122/1000
[ 1.5  4.5  7.5 10.5 13.5]
799761.0
123/1000
[ 1.5  4.5  7.5 10.5 13.5]
799001.0
124/1000
[ 1.5  4.5  7.5 10.5 13.5]
800028.0
125/1000
[ 1.5  4.5  7.5 10.5 13.5]
799844.0
126/1000
[ 1.5  4.5  7.5 10.5 13.5]
800774.0
127/1000
[ 1.5  4.5  7.5 10.5 13.5]
800074.0
128/1000
[ 1.5  4.5  7.5 10.5 13.5]
799658.0
129/1000
[ 1.5  4.5  7.5 10.5 13.5]
800706.0
130/1000
[ 1.5  4.5  7.5 10.5 13.5]
799870.0
131/1000
[ 1.5  4.5  7.5 10.5 13.5]
798949.0
132/1000
[ 1.5  4.5  7.5 10.5 13.5]
799094.0
133/1000
[ 1.5  4.5  7.5 10.5 13.5]
798958.0
134/1000
[ 1.5  4.5  7.5 10.5 13.5]
800584.0
135/1000
[ 1.5  4.5  7.5 10.5 13.5]
800849.0
136/1000
[ 1.5  4.5  7.5 10.5 13.5]
800316.0
137/1000
[ 1.5  4.5  7.5 10.5 13.5]
800593.0
138/1000
[ 1.5  4.5  7.5 10.5 13.5]
798860.0
139/1000
[ 1.5  4.5  7.5 10.5 13.5]
799971.0
140/1000
[ 1.5  4.5  7.5 10.5 13.5]
800331.0
141/1000
[ 1.5  4.5  7.5 10.5 13.5]
800001.0
142/1000
[ 1.5  4.5  7.5 10.5 13.5]
801049.0
143/1000
[ 1.5  4.5  7.5 10.5 13.5]
800048.0
144/1000
[ 1.5  4.5  7.5 10.5 13.5]
800500.0
145/1000
[ 1.5  4.5  7.5 10.5 13.5]
798506.0
146/1000
[ 1.5  4.5  7.5 10.5 13.5]
799096.0
147/1000
[ 1.5  4.5  7.5 10.5 13.5]
801834.0
148/1000
[ 1.5  4.5  7.5 10.5 13.5]
799415.0
149/1000
[ 1.5  4.5  7.5 10.5 13.5]
799326.0
150/1000
[ 1.5  4.5  7.5 10.5 13.5]
799408.0
151/1000
[ 1.5  4.5  7.5 10.5 13.5]
800526.0
152/1000
[ 1.5  4.5  7.5 10.5 13.5]
799582.0
153/1000
[ 1.5  4.5  7.5 10.5 13.5]
799623.0
154/1000
[ 1.5  4.5  7.5 10.5 13.5]
800538.0
155/1000
[ 1.5  4.5  7.5 10.5 13.5]
799638.0
156/1000
[ 1.5  4.5  7.5 10.5 13.5]
798861.0
157/1000
[ 1.5  4.5  7.5 10.5 13.5]
800710.0
158/1000
[ 1.5  4.5  7.5 10.5 13.5]
799555.0
159/1000
[ 1.5  4.5  7.5 10.5 13.5]
800329.0
160/1000
[ 1.5  4.5  7.5 10.5 13.5]
799185.0
161/1000
[ 1.5  4.5  7.5 10.5 13.5]
800083.0
162/1000
[ 1.5  4.5  7.5 10.5 13.5]
800089.0
163/1000
[ 1.5  4.5  7.5 10.5 13.5]
800198.0
164/1000
[ 1.5  4.5  7.5 10.5 13.5]
800077.0
165/1000
[ 1.5  4.5  7.5 10.5 13.5]
800645.0
166/1000
[ 1.5  4.5  7.5 10.5 13.5]
799768.0
167/1000
[ 1.5  4.5  7.5 10.5 13.5]
800285.0
168/1000
[ 1.5  4.5  7.5 10.5 13.5]
800961.0
169/1000
[ 1.5  4.5  7.5 10.5 13.5]
799520.0
170/1000
[ 1.5  4.5  7.5 10.5 13.5]
801129.0
171/1000
[ 1.5  4.5  7.5 10.5 13.5]
801834.0
172/1000
[ 1.5  4.5  7.5 10.5 13.5]
799662.0
173/1000
[ 1.5  4.5  7.5 10.5 13.5]
800177.0
174/1000
[ 1.5  4.5  7.5 10.5 13.5]
798611.0
175/1000
[ 1.5  4.5  7.5 10.5 13.5]
799518.0
176/1000
[ 1.5  4.5  7.5 10.5 13.5]
799481.0
177/1000
[ 1.5  4.5  7.5 10.5 13.5]
800081.0
178/1000
[ 1.5  4.5  7.5 10.5 13.5]
800463.0
179/1000
[ 1.5  4.5  7.5 10.5 13.5]
800742.0
180/1000
[ 1.5  4.5  7.5 10.5 13.5]
800684.0
181/1000
[ 1.5  4.5  7.5 10.5 13.5]
800503.0
182/1000
[ 1.5  4.5  7.5 10.5 13.5]
802006.0
183/1000
[ 1.5  4.5  7.5 10.5 13.5]
800710.0
184/1000
[ 1.5  4.5  7.5 10.5 13.5]
799708.0
185/1000
[ 1.5  4.5  7.5 10.5 13.5]
801071.0
186/1000
[ 1.5  4.5  7.5 10.5 13.5]
802562.0
187/1000
[ 1.5  4.5  7.5 10.5 13.5]
800567.0
188/1000
[ 1.5  4.5  7.5 10.5 13.5]
799666.0
189/1000
[ 1.5  4.5  7.5 10.5 13.5]
800268.0
190/1000
[ 1.5  4.5  7.5 10.5 13.5]
800598.0
191/1000
[ 1.5  4.5  7.5 10.5 13.5]
800073.0
192/1000
[ 1.5  4.5  7.5 10.5 13.5]
799397.0
193/1000
[ 1.5  4.5  7.5 10.5 13.5]
799897.0
194/1000
[ 1.5  4.5  7.5 10.5 13.5]
800701.0
195/1000
[ 1.5  4.5  7.5 10.5 13.5]
799984.0
196/1000
[ 1.5  4.5  7.5 10.5 13.5]
800545.0
197/1000
[ 1.5  4.5  7.5 10.5 13.5]
799824.0
198/1000
[ 1.5  4.5  7.5 10.5 13.5]
800123.0
199/1000
[ 1.5  4.5  7.5 10.5 13.5]
800633.0
200/1000
[ 1.5  4.5  7.5 10.5 13.5]
800437.0
201/1000
[ 1.5  4.5  7.5 10.5 13.5]
799721.0
202/1000
[ 1.5  4.5  7.5 10.5 13.5]
799530.0
203/1000
[ 1.5  4.5  7.5 10.5 13.5]
800064.0
204/1000
[ 1.5  4.5  7.5 10.5 13.5]
799458.0
205/1000
[ 1.5  4.5  7.5 10.5 13.5]
800211.0
206/1000
[ 1.5  4.5  7.5 10.5 13.5]
798668.0
207/1000
[ 1.5  4.5  7.5 10.5 13.5]
799401.0
208/1000
[ 1.5  4.5  7.5 10.5 13.5]
800457.0
209/1000
[ 1.5  4.5  7.5 10.5 13.5]
801952.0
210/1000
[ 1.5  4.5  7.5 10.5 13.5]
799446.0
211/1000
[ 1.5  4.5  7.5 10.5 13.5]
799175.0
212/1000
[ 1.5  4.5  7.5 10.5 13.5]
801313.0
213/1000
[ 1.5  4.5  7.5 10.5 13.5]
800797.0
214/1000
[ 1.5  4.5  7.5 10.5 13.5]
801565.0
215/1000
[ 1.5  4.5  7.5 10.5 13.5]
800504.0
216/1000
[ 1.5  4.5  7.5 10.5 13.5]
800351.0
217/1000
[ 1.5  4.5  7.5 10.5 13.5]
799003.0
218/1000
[ 1.5  4.5  7.5 10.5 13.5]
800815.0
219/1000
[ 1.5  4.5  7.5 10.5 13.5]
798319.0
220/1000
[ 1.5  4.5  7.5 10.5 13.5]
799603.0
221/1000
[ 1.5  4.5  7.5 10.5 13.5]
801319.0
222/1000
[ 1.5  4.5  7.5 10.5 13.5]
801538.0
223/1000
[ 1.5  4.5  7.5 10.5 13.5]
800164.0
224/1000
[ 1.5  4.5  7.5 10.5 13.5]
800885.0
225/1000
[ 1.5  4.5  7.5 10.5 13.5]
800872.0
226/1000
[ 1.5  4.5  7.5 10.5 13.5]
799808.0
227/1000
[ 1.5  4.5  7.5 10.5 13.5]
798934.0
228/1000
[ 1.5  4.5  7.5 10.5 13.5]
800851.0
229/1000
[ 1.5  4.5  7.5 10.5 13.5]
798733.0
230/1000
[ 1.5  4.5  7.5 10.5 13.5]
798365.9999999999
231/1000
[ 1.5  4.5  7.5 10.5 13.5]
799680.0
232/1000
[ 1.5  4.5  7.5 10.5 13.5]
800569.0
233/1000
[ 1.5  4.5  7.5 10.5 13.5]
799318.0
234/1000
[ 1.5  4.5  7.5 10.5 13.5]
800728.0
235/1000
[ 1.5  4.5  7.5 10.5 13.5]
799173.0
236/1000
[ 1.5  4.5  7.5 10.5 13.5]
802444.0
237/1000
[ 1.5  4.5  7.5 10.5 13.5]
798987.0
238/1000
[ 1.5  4.5  7.5 10.5 13.5]
800516.0
239/1000
[ 1.5  4.5  7.5 10.5 13.5]
800136.0
240/1000
[ 1.5  4.5  7.5 10.5 13.5]
800422.0
241/1000
[ 1.5  4.5  7.5 10.5 13.5]
799775.0
242/1000
[ 1.5  4.5  7.5 10.5 13.5]
801525.0
243/1000
[ 1.5  4.5  7.5 10.5 13.5]
799697.0
244/1000
[ 1.5  4.5  7.5 10.5 13.5]
800212.0
245/1000
[ 1.5  4.5  7.5 10.5 13.5]
800355.0
246/1000
[ 1.5  4.5  7.5 10.5 13.5]
799813.0
247/1000
[ 1.5  4.5  7.5 10.5 13.5]
799540.0
248/1000
[ 1.5  4.5  7.5 10.5 13.5]
800214.0
249/1000
[ 1.5  4.5  7.5 10.5 13.5]
799972.0
250/1000
[ 1.5  4.5  7.5 10.5 13.5]
799388.0
251/1000
[ 1.5  4.5  7.5 10.5 13.5]
799359.0
252/1000
[ 1.5  4.5  7.5 10.5 13.5]
800644.0
253/1000
[ 1.5  4.5  7.5 10.5 13.5]
800421.0
254/1000
[ 1.5  4.5  7.5 10.5 13.5]
800176.0
255/1000
[ 1.5  4.5  7.5 10.5 13.5]
799169.0
256/1000
[ 1.5  4.5  7.5 10.5 13.5]
799493.0
257/1000
[ 1.5  4.5  7.5 10.5 13.5]
798030.0
258/1000
[ 1.5  4.5  7.5 10.5 13.5]
799905.0
259/1000
[ 1.5  4.5  7.5 10.5 13.5]
798495.0
260/1000
[ 1.5  4.5  7.5 10.5 13.5]
800276.0
261/1000
[ 1.5  4.5  7.5 10.5 13.5]
801177.0
262/1000
[ 1.5  4.5  7.5 10.5 13.5]
801023.0
263/1000
[ 1.5  4.5  7.5 10.5 13.5]
798786.0
264/1000
[ 1.5  4.5  7.5 10.5 13.5]
799677.0
265/1000
[ 1.5  4.5  7.5 10.5 13.5]
799355.0
266/1000
[ 1.5  4.5  7.5 10.5 13.5]
800819.0
267/1000
[ 1.5  4.5  7.5 10.5 13.5]
798857.0
268/1000
[ 1.5  4.5  7.5 10.5 13.5]
800319.0
269/1000
[ 1.5  4.5  7.5 10.5 13.5]
799724.0
270/1000
[ 1.5  4.5  7.5 10.5 13.5]
799587.0
271/1000
[ 1.5  4.5  7.5 10.5 13.5]
799714.0
272/1000
[ 1.5  4.5  7.5 10.5 13.5]
799144.0
273/1000
[ 1.5  4.5  7.5 10.5 13.5]
799495.9999999999
274/1000
[ 1.5  4.5  7.5 10.5 13.5]
800905.0
275/1000
[ 1.5  4.5  7.5 10.5 13.5]
799828.0
276/1000
[ 1.5  4.5  7.5 10.5 13.5]
801245.0
277/1000
[ 1.5  4.5  7.5 10.5 13.5]
800741.0
278/1000
[ 1.5  4.5  7.5 10.5 13.5]
798862.0
279/1000
[ 1.5  4.5  7.5 10.5 13.5]
799373.0
280/1000
[ 1.5  4.5  7.5 10.5 13.5]
799187.0
281/1000
[ 1.5  4.5  7.5 10.5 13.5]
800029.0
282/1000
[ 1.5  4.5  7.5 10.5 13.5]
800265.0
283/1000
[ 1.5  4.5  7.5 10.5 13.5]
800868.0
284/1000
[ 1.5  4.5  7.5 10.5 13.5]
799374.0
285/1000
[ 1.5  4.5  7.5 10.5 13.5]
799400.0
286/1000
[ 1.5  4.5  7.5 10.5 13.5]
799258.0
287/1000
[ 1.5  4.5  7.5 10.5 13.5]
798212.0
288/1000
[ 1.5  4.5  7.5 10.5 13.5]
799868.0
289/1000
[ 1.5  4.5  7.5 10.5 13.5]
799459.0
290/1000
[ 1.5  4.5  7.5 10.5 13.5]
801519.0
291/1000
[ 1.5  4.5  7.5 10.5 13.5]
800420.0
292/1000
[ 1.5  4.5  7.5 10.5 13.5]
801029.0
293/1000
[ 1.5  4.5  7.5 10.5 13.5]
800764.0
294/1000
[ 1.5  4.5  7.5 10.5 13.5]
799661.0
295/1000
[ 1.5  4.5  7.5 10.5 13.5]
800238.0
296/1000
[ 1.5  4.5  7.5 10.5 13.5]
801137.0
297/1000
[ 1.5  4.5  7.5 10.5 13.5]
799648.0
298/1000
[ 1.5  4.5  7.5 10.5 13.5]
798822.0
299/1000
[ 1.5  4.5  7.5 10.5 13.5]
800441.0
300/1000
[ 1.5  4.5  7.5 10.5 13.5]
800280.0
301/1000
[ 1.5  4.5  7.5 10.5 13.5]
801065.0
302/1000
[ 1.5  4.5  7.5 10.5 13.5]
800408.0
303/1000
[ 1.5  4.5  7.5 10.5 13.5]
802326.0
304/1000
[ 1.5  4.5  7.5 10.5 13.5]
800667.0
305/1000
[ 1.5  4.5  7.5 10.5 13.5]
798051.0
306/1000
[ 1.5  4.5  7.5 10.5 13.5]
799715.0
307/1000
[ 1.5  4.5  7.5 10.5 13.5]
801635.0
308/1000
[ 1.5  4.5  7.5 10.5 13.5]
799508.0
309/1000
[ 1.5  4.5  7.5 10.5 13.5]
799313.0
310/1000
[ 1.5  4.5  7.5 10.5 13.5]
798935.0
311/1000
[ 1.5  4.5  7.5 10.5 13.5]
799466.0
312/1000
[ 1.5  4.5  7.5 10.5 13.5]
799513.0
313/1000
[ 1.5  4.5  7.5 10.5 13.5]
799350.0
314/1000
[ 1.5  4.5  7.5 10.5 13.5]
799736.0
315/1000
[ 1.5  4.5  7.5 10.5 13.5]
800085.0
316/1000
[ 1.5  4.5  7.5 10.5 13.5]
800802.0
317/1000
[ 1.5  4.5  7.5 10.5 13.5]
799916.0
318/1000
[ 1.5  4.5  7.5 10.5 13.5]
799298.0
319/1000
[ 1.5  4.5  7.5 10.5 13.5]
799597.0
320/1000
[ 1.5  4.5  7.5 10.5 13.5]
801147.0
321/1000
[ 1.5  4.5  7.5 10.5 13.5]
798285.0
322/1000
[ 1.5  4.5  7.5 10.5 13.5]
800618.0
323/1000
[ 1.5  4.5  7.5 10.5 13.5]
800940.0
324/1000
[ 1.5  4.5  7.5 10.5 13.5]
799997.0
325/1000
[ 1.5  4.5  7.5 10.5 13.5]
799418.0
326/1000
[ 1.5  4.5  7.5 10.5 13.5]
801486.0
327/1000
[ 1.5  4.5  7.5 10.5 13.5]
800212.0
328/1000
[ 1.5  4.5  7.5 10.5 13.5]
800379.0
329/1000
[ 1.5  4.5  7.5 10.5 13.5]
801137.0
330/1000
[ 1.5  4.5  7.5 10.5 13.5]
799194.0
331/1000
[ 1.5  4.5  7.5 10.5 13.5]
798849.0
332/1000
[ 1.5  4.5  7.5 10.5 13.5]
799618.0
333/1000
[ 1.5  4.5  7.5 10.5 13.5]
801146.0
334/1000
[ 1.5  4.5  7.5 10.5 13.5]
800284.0
335/1000
[ 1.5  4.5  7.5 10.5 13.5]
800175.0
336/1000
[ 1.5  4.5  7.5 10.5 13.5]
800843.0
337/1000
[ 1.5  4.5  7.5 10.5 13.5]
799704.0
338/1000
[ 1.5  4.5  7.5 10.5 13.5]
800438.0
339/1000
[ 1.5  4.5  7.5 10.5 13.5]
799374.0
340/1000
[ 1.5  4.5  7.5 10.5 13.5]
800428.0
341/1000
[ 1.5  4.5  7.5 10.5 13.5]
801403.0
342/1000
[ 1.5  4.5  7.5 10.5 13.5]
800134.0
343/1000
[ 1.5  4.5  7.5 10.5 13.5]
798976.0
344/1000
[ 1.5  4.5  7.5 10.5 13.5]
799332.0
345/1000
[ 1.5  4.5  7.5 10.5 13.5]
800247.0
346/1000
[ 1.5  4.5  7.5 10.5 13.5]
800698.0
347/1000
[ 1.5  4.5  7.5 10.5 13.5]
799184.0
348/1000
[ 1.5  4.5  7.5 10.5 13.5]
801131.0
349/1000
[ 1.5  4.5  7.5 10.5 13.5]
800108.0
350/1000
[ 1.5  4.5  7.5 10.5 13.5]
799646.0
351/1000
[ 1.5  4.5  7.5 10.5 13.5]
801538.0
352/1000
[ 1.5  4.5  7.5 10.5 13.5]
797691.0
353/1000
[ 1.5  4.5  7.5 10.5 13.5]
800075.0
354/1000
[ 1.5  4.5  7.5 10.5 13.5]
798997.0
355/1000
[ 1.5  4.5  7.5 10.5 13.5]
801851.0
356/1000
[ 1.5  4.5  7.5 10.5 13.5]
799126.0
357/1000
[ 1.5  4.5  7.5 10.5 13.5]
799817.0
358/1000
[ 1.5  4.5  7.5 10.5 13.5]
799264.0
359/1000
[ 1.5  4.5  7.5 10.5 13.5]
799587.0
360/1000
[ 1.5  4.5  7.5 10.5 13.5]
799305.0
361/1000
[ 1.5  4.5  7.5 10.5 13.5]
800912.0
362/1000
[ 1.5  4.5  7.5 10.5 13.5]
801014.0
363/1000
[ 1.5  4.5  7.5 10.5 13.5]
798990.0
364/1000
[ 1.5  4.5  7.5 10.5 13.5]
799320.0
365/1000
[ 1.5  4.5  7.5 10.5 13.5]
800570.0
366/1000
[ 1.5  4.5  7.5 10.5 13.5]
