Starting sim # 6
Loaded rubin/sw/tag/w_2023_27/loadLSST.bash
1/1000
[ 1.5  4.5  7.5 10.5 13.5]
701230.0
2/1000
[ 1.5  4.5  7.5 10.5 13.5]
700230.0
3/1000
[ 1.5  4.5  7.5 10.5 13.5]
700237.0
4/1000
[ 1.5  4.5  7.5 10.5 13.5]
702183.0
5/1000
[ 1.5  4.5  7.5 10.5 13.5]
701701.0
6/1000
[ 1.5  4.5  7.5 10.5 13.5]
699546.0
7/1000
[ 1.5  4.5  7.5 10.5 13.5]
700342.0
8/1000
[ 1.5  4.5  7.5 10.5 13.5]
698629.0
9/1000
[ 1.5  4.5  7.5 10.5 13.5]
699934.0
10/1000
[ 1.5  4.5  7.5 10.5 13.5]
698071.0
11/1000
[ 1.5  4.5  7.5 10.5 13.5]
701649.0
12/1000
[ 1.5  4.5  7.5 10.5 13.5]
700188.0
13/1000
[ 1.5  4.5  7.5 10.5 13.5]
700036.0
14/1000
[ 1.5  4.5  7.5 10.5 13.5]
699355.0
15/1000
[ 1.5  4.5  7.5 10.5 13.5]
700122.0
16/1000
[ 1.5  4.5  7.5 10.5 13.5]
700884.0
17/1000
[ 1.5  4.5  7.5 10.5 13.5]
698919.0
18/1000
[ 1.5  4.5  7.5 10.5 13.5]
701278.0
19/1000
[ 1.5  4.5  7.5 10.5 13.5]
699371.0
20/1000
[ 1.5  4.5  7.5 10.5 13.5]
699836.0
21/1000
[ 1.5  4.5  7.5 10.5 13.5]
699625.0
22/1000
[ 1.5  4.5  7.5 10.5 13.5]
699669.0
23/1000
[ 1.5  4.5  7.5 10.5 13.5]
701413.0
24/1000
[ 1.5  4.5  7.5 10.5 13.5]
700700.0
25/1000
[ 1.5  4.5  7.5 10.5 13.5]
699109.0
26/1000
[ 1.5  4.5  7.5 10.5 13.5]
699469.0
27/1000
[ 1.5  4.5  7.5 10.5 13.5]
699029.0
28/1000
[ 1.5  4.5  7.5 10.5 13.5]
700061.0
29/1000
[ 1.5  4.5  7.5 10.5 13.5]
699229.0
30/1000
[ 1.5  4.5  7.5 10.5 13.5]
702127.0
31/1000
[ 1.5  4.5  7.5 10.5 13.5]
699831.0
32/1000
[ 1.5  4.5  7.5 10.5 13.5]
700847.0
33/1000
[ 1.5  4.5  7.5 10.5 13.5]
700609.0
34/1000
[ 1.5  4.5  7.5 10.5 13.5]
700560.0
35/1000
[ 1.5  4.5  7.5 10.5 13.5]
700349.0
36/1000
[ 1.5  4.5  7.5 10.5 13.5]
700077.0
37/1000
[ 1.5  4.5  7.5 10.5 13.5]
698983.0
38/1000
[ 1.5  4.5  7.5 10.5 13.5]
699757.0
39/1000
[ 1.5  4.5  7.5 10.5 13.5]
698593.0
40/1000
[ 1.5  4.5  7.5 10.5 13.5]
700448.0
41/1000
[ 1.5  4.5  7.5 10.5 13.5]
699039.0
42/1000
[ 1.5  4.5  7.5 10.5 13.5]
699629.0
43/1000
[ 1.5  4.5  7.5 10.5 13.5]
699049.0
44/1000
[ 1.5  4.5  7.5 10.5 13.5]
698316.0
45/1000
[ 1.5  4.5  7.5 10.5 13.5]
698942.0
46/1000
[ 1.5  4.5  7.5 10.5 13.5]
699990.0
47/1000
[ 1.5  4.5  7.5 10.5 13.5]
700255.0
48/1000
[ 1.5  4.5  7.5 10.5 13.5]
698373.0
49/1000
[ 1.5  4.5  7.5 10.5 13.5]
700208.0
50/1000
[ 1.5  4.5  7.5 10.5 13.5]
699866.0
51/1000
[ 1.5  4.5  7.5 10.5 13.5]
698440.0
52/1000
[ 1.5  4.5  7.5 10.5 13.5]
700407.0
53/1000
[ 1.5  4.5  7.5 10.5 13.5]
700138.0
54/1000
[ 1.5  4.5  7.5 10.5 13.5]
699848.0
55/1000
[ 1.5  4.5  7.5 10.5 13.5]
699372.0
56/1000
[ 1.5  4.5  7.5 10.5 13.5]
699698.0
57/1000
[ 1.5  4.5  7.5 10.5 13.5]
701593.0
58/1000
[ 1.5  4.5  7.5 10.5 13.5]
700510.0
59/1000
[ 1.5  4.5  7.5 10.5 13.5]
699010.0
60/1000
[ 1.5  4.5  7.5 10.5 13.5]
700367.0
61/1000
[ 1.5  4.5  7.5 10.5 13.5]
701646.0
62/1000
[ 1.5  4.5  7.5 10.5 13.5]
700429.0
63/1000
[ 1.5  4.5  7.5 10.5 13.5]
699999.0
64/1000
[ 1.5  4.5  7.5 10.5 13.5]
698134.0
65/1000
[ 1.5  4.5  7.5 10.5 13.5]
699072.0
66/1000
[ 1.5  4.5  7.5 10.5 13.5]
700159.0
67/1000
[ 1.5  4.5  7.5 10.5 13.5]
700323.0
68/1000
[ 1.5  4.5  7.5 10.5 13.5]
699304.0
69/1000
[ 1.5  4.5  7.5 10.5 13.5]
701183.0
70/1000
[ 1.5  4.5  7.5 10.5 13.5]
700496.0
71/1000
[ 1.5  4.5  7.5 10.5 13.5]
701283.0
72/1000
[ 1.5  4.5  7.5 10.5 13.5]
701087.0
73/1000
[ 1.5  4.5  7.5 10.5 13.5]
698053.0
74/1000
[ 1.5  4.5  7.5 10.5 13.5]
700670.0
75/1000
[ 1.5  4.5  7.5 10.5 13.5]
699238.0
76/1000
[ 1.5  4.5  7.5 10.5 13.5]
700413.0
77/1000
[ 1.5  4.5  7.5 10.5 13.5]
701051.0
78/1000
[ 1.5  4.5  7.5 10.5 13.5]
700944.0
79/1000
[ 1.5  4.5  7.5 10.5 13.5]
700291.0
80/1000
[ 1.5  4.5  7.5 10.5 13.5]
698607.0
81/1000
[ 1.5  4.5  7.5 10.5 13.5]
699414.0
82/1000
[ 1.5  4.5  7.5 10.5 13.5]
700421.0
83/1000
[ 1.5  4.5  7.5 10.5 13.5]
700473.0
84/1000
[ 1.5  4.5  7.5 10.5 13.5]
701424.0
85/1000
[ 1.5  4.5  7.5 10.5 13.5]
700477.0
86/1000
[ 1.5  4.5  7.5 10.5 13.5]
700685.0
87/1000
[ 1.5  4.5  7.5 10.5 13.5]
701418.0
88/1000
[ 1.5  4.5  7.5 10.5 13.5]
699165.0
89/1000
[ 1.5  4.5  7.5 10.5 13.5]
699151.0
90/1000
[ 1.5  4.5  7.5 10.5 13.5]
698903.0
91/1000
[ 1.5  4.5  7.5 10.5 13.5]
699322.0
92/1000
[ 1.5  4.5  7.5 10.5 13.5]
699862.0
93/1000
[ 1.5  4.5  7.5 10.5 13.5]
700247.0
94/1000
[ 1.5  4.5  7.5 10.5 13.5]
699714.0
95/1000
[ 1.5  4.5  7.5 10.5 13.5]
699665.0
96/1000
[ 1.5  4.5  7.5 10.5 13.5]
700522.0
97/1000
[ 1.5  4.5  7.5 10.5 13.5]
698317.0
98/1000
[ 1.5  4.5  7.5 10.5 13.5]
700287.0
99/1000
[ 1.5  4.5  7.5 10.5 13.5]
699857.0
100/1000
[ 1.5  4.5  7.5 10.5 13.5]
700302.0
101/1000
[ 1.5  4.5  7.5 10.5 13.5]
701093.0
102/1000
[ 1.5  4.5  7.5 10.5 13.5]
699755.0
103/1000
[ 1.5  4.5  7.5 10.5 13.5]
698598.0
104/1000
[ 1.5  4.5  7.5 10.5 13.5]
701012.0
105/1000
[ 1.5  4.5  7.5 10.5 13.5]
699154.0
106/1000
[ 1.5  4.5  7.5 10.5 13.5]
699320.0
107/1000
[ 1.5  4.5  7.5 10.5 13.5]
700656.0
108/1000
[ 1.5  4.5  7.5 10.5 13.5]
699994.0
109/1000
[ 1.5  4.5  7.5 10.5 13.5]
700728.9999999999
110/1000
[ 1.5  4.5  7.5 10.5 13.5]
701276.0
111/1000
[ 1.5  4.5  7.5 10.5 13.5]
700833.0
112/1000
[ 1.5  4.5  7.5 10.5 13.5]
699969.0
113/1000
[ 1.5  4.5  7.5 10.5 13.5]
700640.0
114/1000
[ 1.5  4.5  7.5 10.5 13.5]
699053.0
115/1000
[ 1.5  4.5  7.5 10.5 13.5]
701352.0
116/1000
[ 1.5  4.5  7.5 10.5 13.5]
699551.0
117/1000
[ 1.5  4.5  7.5 10.5 13.5]
698705.0
118/1000
[ 1.5  4.5  7.5 10.5 13.5]
700277.0
119/1000
[ 1.5  4.5  7.5 10.5 13.5]
700026.0
120/1000
[ 1.5  4.5  7.5 10.5 13.5]
700643.0
121/1000
[ 1.5  4.5  7.5 10.5 13.5]
699650.0
122/1000
[ 1.5  4.5  7.5 10.5 13.5]
699479.0
123/1000
[ 1.5  4.5  7.5 10.5 13.5]
700270.0
124/1000
[ 1.5  4.5  7.5 10.5 13.5]
700203.0
125/1000
[ 1.5  4.5  7.5 10.5 13.5]
700224.0
126/1000
[ 1.5  4.5  7.5 10.5 13.5]
700801.0
127/1000
[ 1.5  4.5  7.5 10.5 13.5]
699171.0
128/1000
[ 1.5  4.5  7.5 10.5 13.5]
700831.0
129/1000
[ 1.5  4.5  7.5 10.5 13.5]
699468.0
130/1000
[ 1.5  4.5  7.5 10.5 13.5]
701295.0
131/1000
[ 1.5  4.5  7.5 10.5 13.5]
700402.0
132/1000
[ 1.5  4.5  7.5 10.5 13.5]
699848.0
133/1000
[ 1.5  4.5  7.5 10.5 13.5]
699991.0
134/1000
[ 1.5  4.5  7.5 10.5 13.5]
699455.0
135/1000
[ 1.5  4.5  7.5 10.5 13.5]
698145.0
136/1000
[ 1.5  4.5  7.5 10.5 13.5]
701142.0
137/1000
[ 1.5  4.5  7.5 10.5 13.5]
699200.0
138/1000
[ 1.5  4.5  7.5 10.5 13.5]
700669.0
139/1000
[ 1.5  4.5  7.5 10.5 13.5]
699439.0
140/1000
[ 1.5  4.5  7.5 10.5 13.5]
698383.0
141/1000
[ 1.5  4.5  7.5 10.5 13.5]
701121.0
142/1000
[ 1.5  4.5  7.5 10.5 13.5]
698753.0
143/1000
[ 1.5  4.5  7.5 10.5 13.5]
699795.0
144/1000
[ 1.5  4.5  7.5 10.5 13.5]
701059.0
145/1000
[ 1.5  4.5  7.5 10.5 13.5]
699655.0
146/1000
[ 1.5  4.5  7.5 10.5 13.5]
699006.0
147/1000
[ 1.5  4.5  7.5 10.5 13.5]
698970.0
148/1000
[ 1.5  4.5  7.5 10.5 13.5]
700991.0
149/1000
[ 1.5  4.5  7.5 10.5 13.5]
700353.0
150/1000
[ 1.5  4.5  7.5 10.5 13.5]
700131.0
151/1000
[ 1.5  4.5  7.5 10.5 13.5]
700182.0
152/1000
[ 1.5  4.5  7.5 10.5 13.5]
700284.0
153/1000
[ 1.5  4.5  7.5 10.5 13.5]
699559.0
154/1000
[ 1.5  4.5  7.5 10.5 13.5]
699838.0
155/1000
[ 1.5  4.5  7.5 10.5 13.5]
699583.0
156/1000
[ 1.5  4.5  7.5 10.5 13.5]
699852.0
157/1000
[ 1.5  4.5  7.5 10.5 13.5]
700585.0
158/1000
[ 1.5  4.5  7.5 10.5 13.5]
699975.0
159/1000
[ 1.5  4.5  7.5 10.5 13.5]
698726.0
160/1000
[ 1.5  4.5  7.5 10.5 13.5]
699632.0
161/1000
[ 1.5  4.5  7.5 10.5 13.5]
699580.0
162/1000
[ 1.5  4.5  7.5 10.5 13.5]
699997.0
163/1000
[ 1.5  4.5  7.5 10.5 13.5]
700270.0
164/1000
[ 1.5  4.5  7.5 10.5 13.5]
700095.0
165/1000
[ 1.5  4.5  7.5 10.5 13.5]
700997.0
166/1000
[ 1.5  4.5  7.5 10.5 13.5]
699252.0
167/1000
[ 1.5  4.5  7.5 10.5 13.5]
699815.0
168/1000
[ 1.5  4.5  7.5 10.5 13.5]
699952.0
169/1000
[ 1.5  4.5  7.5 10.5 13.5]
699266.0
170/1000
[ 1.5  4.5  7.5 10.5 13.5]
699850.0
171/1000
[ 1.5  4.5  7.5 10.5 13.5]
699686.0
172/1000
[ 1.5  4.5  7.5 10.5 13.5]
698406.0
173/1000
[ 1.5  4.5  7.5 10.5 13.5]
700352.0
174/1000
[ 1.5  4.5  7.5 10.5 13.5]
701336.0
175/1000
[ 1.5  4.5  7.5 10.5 13.5]
699356.0
176/1000
[ 1.5  4.5  7.5 10.5 13.5]
700328.0
177/1000
[ 1.5  4.5  7.5 10.5 13.5]
699075.0
178/1000
[ 1.5  4.5  7.5 10.5 13.5]
700545.0
179/1000
[ 1.5  4.5  7.5 10.5 13.5]
700747.0
180/1000
[ 1.5  4.5  7.5 10.5 13.5]
700506.0
181/1000
[ 1.5  4.5  7.5 10.5 13.5]
701032.0
182/1000
[ 1.5  4.5  7.5 10.5 13.5]
700035.0
183/1000
[ 1.5  4.5  7.5 10.5 13.5]
699158.0
184/1000
[ 1.5  4.5  7.5 10.5 13.5]
700511.0
185/1000
