Starting sim # 1
Loaded rubin/sw/tag/w_2023_27/loadLSST.bash
1/1000
[ 1.5  4.5  7.5 10.5 13.5]
199925.0
2/1000
[ 1.5  4.5  7.5 10.5 13.5]
200294.0
3/1000
[ 1.5  4.5  7.5 10.5 13.5]
200726.0
4/1000
[ 1.5  4.5  7.5 10.5 13.5]
200326.0
5/1000
[ 1.5  4.5  7.5 10.5 13.5]
200066.99999999997
6/1000
[ 1.5  4.5  7.5 10.5 13.5]
199757.0
7/1000
[ 1.5  4.5  7.5 10.5 13.5]
198937.0
8/1000
[ 1.5  4.5  7.5 10.5 13.5]
199981.0
9/1000
[ 1.5  4.5  7.5 10.5 13.5]
199502.0
10/1000
[ 1.5  4.5  7.5 10.5 13.5]
201124.0
11/1000
[ 1.5  4.5  7.5 10.5 13.5]
200070.0
12/1000
[ 1.5  4.5  7.5 10.5 13.5]
200586.0
13/1000
[ 1.5  4.5  7.5 10.5 13.5]
199893.0
14/1000
[ 1.5  4.5  7.5 10.5 13.5]
199864.0
15/1000
[ 1.5  4.5  7.5 10.5 13.5]
199943.0
16/1000
[ 1.5  4.5  7.5 10.5 13.5]
200263.0
17/1000
[ 1.5  4.5  7.5 10.5 13.5]
200351.0
18/1000
[ 1.5  4.5  7.5 10.5 13.5]
200268.0
19/1000
[ 1.5  4.5  7.5 10.5 13.5]
200441.0
20/1000
[ 1.5  4.5  7.5 10.5 13.5]
200359.0
21/1000
[ 1.5  4.5  7.5 10.5 13.5]
200519.0
22/1000
[ 1.5  4.5  7.5 10.5 13.5]
199955.0
23/1000
[ 1.5  4.5  7.5 10.5 13.5]
199575.0
24/1000
[ 1.5  4.5  7.5 10.5 13.5]
200595.0
25/1000
[ 1.5  4.5  7.5 10.5 13.5]
200712.0
26/1000
[ 1.5  4.5  7.5 10.5 13.5]
200209.0
27/1000
[ 1.5  4.5  7.5 10.5 13.5]
200156.0
28/1000
[ 1.5  4.5  7.5 10.5 13.5]
199881.0
29/1000
[ 1.5  4.5  7.5 10.5 13.5]
199832.0
30/1000
[ 1.5  4.5  7.5 10.5 13.5]
199167.0
31/1000
[ 1.5  4.5  7.5 10.5 13.5]
199427.0
32/1000
[ 1.5  4.5  7.5 10.5 13.5]
200026.0
33/1000
[ 1.5  4.5  7.5 10.5 13.5]
199721.0
34/1000
[ 1.5  4.5  7.5 10.5 13.5]
200203.0
35/1000
[ 1.5  4.5  7.5 10.5 13.5]
199535.0
36/1000
[ 1.5  4.5  7.5 10.5 13.5]
200601.0
37/1000
[ 1.5  4.5  7.5 10.5 13.5]
200129.0
38/1000
[ 1.5  4.5  7.5 10.5 13.5]
200703.0
39/1000
[ 1.5  4.5  7.5 10.5 13.5]
199953.0
40/1000
[ 1.5  4.5  7.5 10.5 13.5]
200065.0
41/1000
[ 1.5  4.5  7.5 10.5 13.5]
200158.0
42/1000
[ 1.5  4.5  7.5 10.5 13.5]
199931.0
43/1000
[ 1.5  4.5  7.5 10.5 13.5]
199764.0
44/1000
[ 1.5  4.5  7.5 10.5 13.5]
200029.0
45/1000
[ 1.5  4.5  7.5 10.5 13.5]
199944.0
46/1000
[ 1.5  4.5  7.5 10.5 13.5]
200379.99999999997
47/1000
[ 1.5  4.5  7.5 10.5 13.5]
200385.0
48/1000
[ 1.5  4.5  7.5 10.5 13.5]
200307.0
49/1000
[ 1.5  4.5  7.5 10.5 13.5]
200050.0
50/1000
[ 1.5  4.5  7.5 10.5 13.5]
200617.0
51/1000
[ 1.5  4.5  7.5 10.5 13.5]
200046.0
52/1000
[ 1.5  4.5  7.5 10.5 13.5]
199574.0
53/1000
[ 1.5  4.5  7.5 10.5 13.5]
201022.0
54/1000
[ 1.5  4.5  7.5 10.5 13.5]
199890.0
55/1000
[ 1.5  4.5  7.5 10.5 13.5]
199449.0
56/1000
[ 1.5  4.5  7.5 10.5 13.5]
200565.0
57/1000
[ 1.5  4.5  7.5 10.5 13.5]
199425.0
58/1000
[ 1.5  4.5  7.5 10.5 13.5]
200416.0
59/1000
[ 1.5  4.5  7.5 10.5 13.5]
199937.0
60/1000
[ 1.5  4.5  7.5 10.5 13.5]
199617.0
61/1000
[ 1.5  4.5  7.5 10.5 13.5]
199963.0
62/1000
[ 1.5  4.5  7.5 10.5 13.5]
200916.0
63/1000
[ 1.5  4.5  7.5 10.5 13.5]
200593.0
64/1000
[ 1.5  4.5  7.5 10.5 13.5]
199636.0
65/1000
[ 1.5  4.5  7.5 10.5 13.5]
200199.0
66/1000
[ 1.5  4.5  7.5 10.5 13.5]
200084.0
67/1000
[ 1.5  4.5  7.5 10.5 13.5]
200132.0
68/1000
[ 1.5  4.5  7.5 10.5 13.5]
200163.0
69/1000
[ 1.5  4.5  7.5 10.5 13.5]
199114.0
70/1000
[ 1.5  4.5  7.5 10.5 13.5]
199647.0
71/1000
[ 1.5  4.5  7.5 10.5 13.5]
200456.0
72/1000
[ 1.5  4.5  7.5 10.5 13.5]
199812.0
73/1000
[ 1.5  4.5  7.5 10.5 13.5]
200206.0
74/1000
[ 1.5  4.5  7.5 10.5 13.5]
200023.0
75/1000
[ 1.5  4.5  7.5 10.5 13.5]
200037.0
76/1000
[ 1.5  4.5  7.5 10.5 13.5]
200000.0
77/1000
[ 1.5  4.5  7.5 10.5 13.5]
200446.0
78/1000
[ 1.5  4.5  7.5 10.5 13.5]
200466.0
79/1000
[ 1.5  4.5  7.5 10.5 13.5]
200452.0
80/1000
[ 1.5  4.5  7.5 10.5 13.5]
199998.0
81/1000
[ 1.5  4.5  7.5 10.5 13.5]
200282.0
82/1000
[ 1.5  4.5  7.5 10.5 13.5]
199643.0
83/1000
[ 1.5  4.5  7.5 10.5 13.5]
199278.0
84/1000
[ 1.5  4.5  7.5 10.5 13.5]
199711.0
85/1000
[ 1.5  4.5  7.5 10.5 13.5]
200076.0
86/1000
[ 1.5  4.5  7.5 10.5 13.5]
199508.0
87/1000
[ 1.5  4.5  7.5 10.5 13.5]
199682.0
88/1000
[ 1.5  4.5  7.5 10.5 13.5]
200545.0
89/1000
[ 1.5  4.5  7.5 10.5 13.5]
199812.0
90/1000
[ 1.5  4.5  7.5 10.5 13.5]
199919.0
91/1000
[ 1.5  4.5  7.5 10.5 13.5]
200262.0
92/1000
[ 1.5  4.5  7.5 10.5 13.5]
200279.0
93/1000
[ 1.5  4.5  7.5 10.5 13.5]
199879.0
94/1000
[ 1.5  4.5  7.5 10.5 13.5]
200256.0
95/1000
[ 1.5  4.5  7.5 10.5 13.5]
199795.0
96/1000
[ 1.5  4.5  7.5 10.5 13.5]
200607.0
97/1000
[ 1.5  4.5  7.5 10.5 13.5]
199671.0
98/1000
[ 1.5  4.5  7.5 10.5 13.5]
199823.0
99/1000
[ 1.5  4.5  7.5 10.5 13.5]
199811.0
100/1000
[ 1.5  4.5  7.5 10.5 13.5]
200601.0
101/1000
[ 1.5  4.5  7.5 10.5 13.5]
199463.0
102/1000
[ 1.5  4.5  7.5 10.5 13.5]
200231.0
103/1000
[ 1.5  4.5  7.5 10.5 13.5]
199217.0
104/1000
[ 1.5  4.5  7.5 10.5 13.5]
199829.0
105/1000
[ 1.5  4.5  7.5 10.5 13.5]
200805.0
106/1000
[ 1.5  4.5  7.5 10.5 13.5]
199821.0
107/1000
[ 1.5  4.5  7.5 10.5 13.5]
200404.0
108/1000
[ 1.5  4.5  7.5 10.5 13.5]
200164.0
109/1000
[ 1.5  4.5  7.5 10.5 13.5]
199771.0
110/1000
[ 1.5  4.5  7.5 10.5 13.5]
199565.0
111/1000
[ 1.5  4.5  7.5 10.5 13.5]
200022.0
112/1000
[ 1.5  4.5  7.5 10.5 13.5]
199859.0
113/1000
[ 1.5  4.5  7.5 10.5 13.5]
200479.0
114/1000
[ 1.5  4.5  7.5 10.5 13.5]
199901.0
115/1000
[ 1.5  4.5  7.5 10.5 13.5]
199445.0
116/1000
[ 1.5  4.5  7.5 10.5 13.5]
199575.0
117/1000
[ 1.5  4.5  7.5 10.5 13.5]
200954.0
118/1000
[ 1.5  4.5  7.5 10.5 13.5]
200159.0
119/1000
[ 1.5  4.5  7.5 10.5 13.5]
199537.0
120/1000
[ 1.5  4.5  7.5 10.5 13.5]
199941.0
121/1000
[ 1.5  4.5  7.5 10.5 13.5]
200425.0
122/1000
[ 1.5  4.5  7.5 10.5 13.5]
199555.0
123/1000
[ 1.5  4.5  7.5 10.5 13.5]
200146.0
124/1000
[ 1.5  4.5  7.5 10.5 13.5]
199218.0
125/1000
[ 1.5  4.5  7.5 10.5 13.5]
200630.0
126/1000
[ 1.5  4.5  7.5 10.5 13.5]
200291.0
127/1000
[ 1.5  4.5  7.5 10.5 13.5]
199239.0
128/1000
[ 1.5  4.5  7.5 10.5 13.5]
199855.0
129/1000
[ 1.5  4.5  7.5 10.5 13.5]
200084.0
130/1000
[ 1.5  4.5  7.5 10.5 13.5]
200602.0
131/1000
[ 1.5  4.5  7.5 10.5 13.5]
200704.0
132/1000
[ 1.5  4.5  7.5 10.5 13.5]
200974.0
133/1000
[ 1.5  4.5  7.5 10.5 13.5]
200100.0
134/1000
[ 1.5  4.5  7.5 10.5 13.5]
200148.0
135/1000
[ 1.5  4.5  7.5 10.5 13.5]
199820.0
136/1000
[ 1.5  4.5  7.5 10.5 13.5]
199730.0
137/1000
[ 1.5  4.5  7.5 10.5 13.5]
199613.0
138/1000
[ 1.5  4.5  7.5 10.5 13.5]
199114.0
139/1000
[ 1.5  4.5  7.5 10.5 13.5]
199549.0
140/1000
[ 1.5  4.5  7.5 10.5 13.5]
200302.0
141/1000
[ 1.5  4.5  7.5 10.5 13.5]
200366.0
142/1000
[ 1.5  4.5  7.5 10.5 13.5]
200104.0
143/1000
[ 1.5  4.5  7.5 10.5 13.5]
199682.0
144/1000
[ 1.5  4.5  7.5 10.5 13.5]
199848.0
145/1000
[ 1.5  4.5  7.5 10.5 13.5]
199642.0
146/1000
[ 1.5  4.5  7.5 10.5 13.5]
199493.0
147/1000
[ 1.5  4.5  7.5 10.5 13.5]
199788.0
148/1000
[ 1.5  4.5  7.5 10.5 13.5]
200103.0
149/1000
[ 1.5  4.5  7.5 10.5 13.5]
200388.0
150/1000
[ 1.5  4.5  7.5 10.5 13.5]
200032.0
151/1000
[ 1.5  4.5  7.5 10.5 13.5]
199562.0
152/1000
[ 1.5  4.5  7.5 10.5 13.5]
200113.0
153/1000
[ 1.5  4.5  7.5 10.5 13.5]
200136.0
154/1000
[ 1.5  4.5  7.5 10.5 13.5]
200232.0
155/1000
[ 1.5  4.5  7.5 10.5 13.5]
200685.0
156/1000
[ 1.5  4.5  7.5 10.5 13.5]
200011.0
157/1000
[ 1.5  4.5  7.5 10.5 13.5]
200011.0
158/1000
[ 1.5  4.5  7.5 10.5 13.5]
199471.0
159/1000
[ 1.5  4.5  7.5 10.5 13.5]
200610.0
160/1000
[ 1.5  4.5  7.5 10.5 13.5]
200154.0
161/1000
[ 1.5  4.5  7.5 10.5 13.5]
200379.0
162/1000
[ 1.5  4.5  7.5 10.5 13.5]
199327.0
163/1000
[ 1.5  4.5  7.5 10.5 13.5]
200347.0
164/1000
[ 1.5  4.5  7.5 10.5 13.5]
199663.0
165/1000
[ 1.5  4.5  7.5 10.5 13.5]
199960.0
166/1000
[ 1.5  4.5  7.5 10.5 13.5]
199581.0
167/1000
[ 1.5  4.5  7.5 10.5 13.5]
199729.0
168/1000
[ 1.5  4.5  7.5 10.5 13.5]
200326.0
169/1000
[ 1.5  4.5  7.5 10.5 13.5]
198891.0
170/1000
[ 1.5  4.5  7.5 10.5 13.5]
200079.0
171/1000
[ 1.5  4.5  7.5 10.5 13.5]
200526.0
172/1000
[ 1.5  4.5  7.5 10.5 13.5]
200457.0
173/1000
[ 1.5  4.5  7.5 10.5 13.5]
200464.0
174/1000
[ 1.5  4.5  7.5 10.5 13.5]
199307.0
175/1000
[ 1.5  4.5  7.5 10.5 13.5]
200398.0
176/1000
[ 1.5  4.5  7.5 10.5 13.5]
199631.0
177/1000
[ 1.5  4.5  7.5 10.5 13.5]
200793.0
178/1000
[ 1.5  4.5  7.5 10.5 13.5]
200269.0
179/1000
[ 1.5  4.5  7.5 10.5 13.5]
199445.0
180/1000
[ 1.5  4.5  7.5 10.5 13.5]
200298.0
181/1000
[ 1.5  4.5  7.5 10.5 13.5]
200191.0
182/1000
[ 1.5  4.5  7.5 10.5 13.5]
200094.0
183/1000
[ 1.5  4.5  7.5 10.5 13.5]
200165.0
184/1000
[ 1.5  4.5  7.5 10.5 13.5]
200262.0
185/1000
[ 1.5  4.5  7.5 10.5 13.5]
199990.0
186/1000
[ 1.5  4.5  7.5 10.5 13.5]
199712.0
187/1000
[ 1.5  4.5  7.5 10.5 13.5]
199697.0
188/1000
[ 1.5  4.5  7.5 10.5 13.5]
200362.0
189/1000
[ 1.5  4.5  7.5 10.5 13.5]
200685.0
190/1000
[ 1.5  4.5  7.5 10.5 13.5]
200271.0
191/1000
[ 1.5  4.5  7.5 10.5 13.5]
200023.0
192/1000
[ 1.5  4.5  7.5 10.5 13.5]
199901.0
193/1000
[ 1.5  4.5  7.5 10.5 13.5]
200781.0
194/1000
[ 1.5  4.5  7.5 10.5 13.5]
200239.0
195/1000
[ 1.5  4.5  7.5 10.5 13.5]
200337.0
196/1000
[ 1.5  4.5  7.5 10.5 13.5]
200210.0
197/1000
[ 1.5  4.5  7.5 10.5 13.5]
200574.0
198/1000
[ 1.5  4.5  7.5 10.5 13.5]
200118.0
199/1000
[ 1.5  4.5  7.5 10.5 13.5]
200178.0
200/1000
[ 1.5  4.5  7.5 10.5 13.5]
200067.0
201/1000
[ 1.5  4.5  7.5 10.5 13.5]
200740.0
202/1000
[ 1.5  4.5  7.5 10.5 13.5]
199808.0
203/1000
[ 1.5  4.5  7.5 10.5 13.5]
200074.0
204/1000
[ 1.5  4.5  7.5 10.5 13.5]
199333.0
205/1000
[ 1.5  4.5  7.5 10.5 13.5]
200109.0
206/1000
[ 1.5  4.5  7.5 10.5 13.5]
200315.0
207/1000
[ 1.5  4.5  7.5 10.5 13.5]
200123.0
208/1000
[ 1.5  4.5  7.5 10.5 13.5]
199907.0
209/1000
[ 1.5  4.5  7.5 10.5 13.5]
200332.0
210/1000
[ 1.5  4.5  7.5 10.5 13.5]
198587.0
211/1000
[ 1.5  4.5  7.5 10.5 13.5]
200146.0
212/1000
[ 1.5  4.5  7.5 10.5 13.5]
199921.0
213/1000
[ 1.5  4.5  7.5 10.5 13.5]
199719.0
214/1000
[ 1.5  4.5  7.5 10.5 13.5]
199934.0
215/1000
[ 1.5  4.5  7.5 10.5 13.5]
199698.0
216/1000
[ 1.5  4.5  7.5 10.5 13.5]
200177.0
217/1000
[ 1.5  4.5  7.5 10.5 13.5]
200265.0
218/1000
[ 1.5  4.5  7.5 10.5 13.5]
200448.0
219/1000
[ 1.5  4.5  7.5 10.5 13.5]
199913.0
220/1000
[ 1.5  4.5  7.5 10.5 13.5]
199375.0
221/1000
[ 1.5  4.5  7.5 10.5 13.5]
199660.0
222/1000
[ 1.5  4.5  7.5 10.5 13.5]
200061.0
223/1000
[ 1.5  4.5  7.5 10.5 13.5]
200109.0
224/1000
[ 1.5  4.5  7.5 10.5 13.5]
199623.0
225/1000
[ 1.5  4.5  7.5 10.5 13.5]
200347.0
226/1000
[ 1.5  4.5  7.5 10.5 13.5]
199775.0
227/1000
[ 1.5  4.5  7.5 10.5 13.5]
200637.0
228/1000
[ 1.5  4.5  7.5 10.5 13.5]
199906.0
229/1000
[ 1.5  4.5  7.5 10.5 13.5]
200637.0
230/1000
[ 1.5  4.5  7.5 10.5 13.5]
200266.0
231/1000
[ 1.5  4.5  7.5 10.5 13.5]
201061.0
232/1000
[ 1.5  4.5  7.5 10.5 13.5]
199887.0
233/1000
[ 1.5  4.5  7.5 10.5 13.5]
199771.0
234/1000
[ 1.5  4.5  7.5 10.5 13.5]
200760.0
235/1000
[ 1.5  4.5  7.5 10.5 13.5]
199560.0
236/1000
[ 1.5  4.5  7.5 10.5 13.5]
200192.0
237/1000
[ 1.5  4.5  7.5 10.5 13.5]
200537.0
238/1000
[ 1.5  4.5  7.5 10.5 13.5]
199940.0
239/1000
[ 1.5  4.5  7.5 10.5 13.5]
200252.0
240/1000
[ 1.5  4.5  7.5 10.5 13.5]
199672.0
241/1000
[ 1.5  4.5  7.5 10.5 13.5]
200214.0
242/1000
[ 1.5  4.5  7.5 10.5 13.5]
199445.0
243/1000
[ 1.5  4.5  7.5 10.5 13.5]
199426.0
244/1000
[ 1.5  4.5  7.5 10.5 13.5]
200274.0
245/1000
[ 1.5  4.5  7.5 10.5 13.5]
199919.0
246/1000
[ 1.5  4.5  7.5 10.5 13.5]
200135.0
247/1000
[ 1.5  4.5  7.5 10.5 13.5]
198964.0
248/1000
[ 1.5  4.5  7.5 10.5 13.5]
199497.0
249/1000
[ 1.5  4.5  7.5 10.5 13.5]
200539.0
250/1000
[ 1.5  4.5  7.5 10.5 13.5]
199595.0
251/1000
[ 1.5  4.5  7.5 10.5 13.5]
199640.0
252/1000
[ 1.5  4.5  7.5 10.5 13.5]
200246.0
253/1000
[ 1.5  4.5  7.5 10.5 13.5]
199637.0
254/1000
[ 1.5  4.5  7.5 10.5 13.5]
200300.0
255/1000
[ 1.5  4.5  7.5 10.5 13.5]
199132.0
256/1000
[ 1.5  4.5  7.5 10.5 13.5]
199279.0
257/1000
[ 1.5  4.5  7.5 10.5 13.5]
200259.0
258/1000
[ 1.5  4.5  7.5 10.5 13.5]
199821.0
259/1000
[ 1.5  4.5  7.5 10.5 13.5]
200370.0
260/1000
[ 1.5  4.5  7.5 10.5 13.5]
200429.0
261/1000
[ 1.5  4.5  7.5 10.5 13.5]
200026.0
262/1000
[ 1.5  4.5  7.5 10.5 13.5]
200334.0
263/1000
[ 1.5  4.5  7.5 10.5 13.5]
199497.0
264/1000
[ 1.5  4.5  7.5 10.5 13.5]
199916.0
265/1000
[ 1.5  4.5  7.5 10.5 13.5]
199806.0
266/1000
[ 1.5  4.5  7.5 10.5 13.5]
200021.0
267/1000
[ 1.5  4.5  7.5 10.5 13.5]
199577.0
268/1000
[ 1.5  4.5  7.5 10.5 13.5]
200238.0
269/1000
[ 1.5  4.5  7.5 10.5 13.5]
200595.0
270/1000
[ 1.5  4.5  7.5 10.5 13.5]
199432.0
271/1000
[ 1.5  4.5  7.5 10.5 13.5]
199648.0
272/1000
[ 1.5  4.5  7.5 10.5 13.5]
201034.0
273/1000
[ 1.5  4.5  7.5 10.5 13.5]
200219.0
274/1000
[ 1.5  4.5  7.5 10.5 13.5]
200480.0
275/1000
[ 1.5  4.5  7.5 10.5 13.5]
200230.0
276/1000
[ 1.5  4.5  7.5 10.5 13.5]
198951.0
277/1000
[ 1.5  4.5  7.5 10.5 13.5]
200158.0
278/1000
[ 1.5  4.5  7.5 10.5 13.5]
200306.0
279/1000
[ 1.5  4.5  7.5 10.5 13.5]
200297.0
280/1000
[ 1.5  4.5  7.5 10.5 13.5]
199528.0
281/1000
[ 1.5  4.5  7.5 10.5 13.5]
200613.0
282/1000
[ 1.5  4.5  7.5 10.5 13.5]
199738.0
283/1000
[ 1.5  4.5  7.5 10.5 13.5]
200103.0
284/1000
[ 1.5  4.5  7.5 10.5 13.5]
200019.0
285/1000
[ 1.5  4.5  7.5 10.5 13.5]
199688.0
286/1000
[ 1.5  4.5  7.5 10.5 13.5]
200040.0
287/1000
[ 1.5  4.5  7.5 10.5 13.5]
199654.0
288/1000
[ 1.5  4.5  7.5 10.5 13.5]
200229.0
289/1000
[ 1.5  4.5  7.5 10.5 13.5]
200207.0
290/1000
[ 1.5  4.5  7.5 10.5 13.5]
200047.0
291/1000
[ 1.5  4.5  7.5 10.5 13.5]
200005.0
292/1000
[ 1.5  4.5  7.5 10.5 13.5]
199902.0
293/1000
[ 1.5  4.5  7.5 10.5 13.5]
200063.0
294/1000
[ 1.5  4.5  7.5 10.5 13.5]
200035.0
295/1000
[ 1.5  4.5  7.5 10.5 13.5]
200372.0
296/1000
[ 1.5  4.5  7.5 10.5 13.5]
199468.0
297/1000
[ 1.5  4.5  7.5 10.5 13.5]
199822.0
298/1000
[ 1.5  4.5  7.5 10.5 13.5]
199717.0
299/1000
[ 1.5  4.5  7.5 10.5 13.5]
199689.0
300/1000
[ 1.5  4.5  7.5 10.5 13.5]
200284.0
301/1000
[ 1.5  4.5  7.5 10.5 13.5]
199615.0
302/1000
[ 1.5  4.5  7.5 10.5 13.5]
200142.0
303/1000
[ 1.5  4.5  7.5 10.5 13.5]
200252.0
304/1000
[ 1.5  4.5  7.5 10.5 13.5]
200022.0
305/1000
[ 1.5  4.5  7.5 10.5 13.5]
200197.0
306/1000
[ 1.5  4.5  7.5 10.5 13.5]
199362.0
307/1000
[ 1.5  4.5  7.5 10.5 13.5]
200456.0
308/1000
[ 1.5  4.5  7.5 10.5 13.5]
200252.0
309/1000
[ 1.5  4.5  7.5 10.5 13.5]
199706.0
310/1000
[ 1.5  4.5  7.5 10.5 13.5]
200458.0
311/1000
[ 1.5  4.5  7.5 10.5 13.5]
199616.0
312/1000
[ 1.5  4.5  7.5 10.5 13.5]
199876.0
313/1000
[ 1.5  4.5  7.5 10.5 13.5]
199219.0
314/1000
[ 1.5  4.5  7.5 10.5 13.5]
200282.0
315/1000
[ 1.5  4.5  7.5 10.5 13.5]
200030.0
316/1000
[ 1.5  4.5  7.5 10.5 13.5]
200511.0
317/1000
[ 1.5  4.5  7.5 10.5 13.5]
199976.0
318/1000
[ 1.5  4.5  7.5 10.5 13.5]
199537.0
319/1000
[ 1.5  4.5  7.5 10.5 13.5]
200543.0
320/1000
[ 1.5  4.5  7.5 10.5 13.5]
199733.0
321/1000
[ 1.5  4.5  7.5 10.5 13.5]
199692.0
322/1000
[ 1.5  4.5  7.5 10.5 13.5]
200206.0
323/1000
[ 1.5  4.5  7.5 10.5 13.5]
199968.0
324/1000
[ 1.5  4.5  7.5 10.5 13.5]
199728.0
325/1000
[ 1.5  4.5  7.5 10.5 13.5]
200170.0
326/1000
[ 1.5  4.5  7.5 10.5 13.5]
199803.0
327/1000
[ 1.5  4.5  7.5 10.5 13.5]
200173.0
328/1000
[ 1.5  4.5  7.5 10.5 13.5]
200829.0
329/1000
[ 1.5  4.5  7.5 10.5 13.5]
200305.0
330/1000
[ 1.5  4.5  7.5 10.5 13.5]
200133.0
331/1000
[ 1.5  4.5  7.5 10.5 13.5]
198852.0
332/1000
[ 1.5  4.5  7.5 10.5 13.5]
199978.0
333/1000
[ 1.5  4.5  7.5 10.5 13.5]
199370.0
334/1000
[ 1.5  4.5  7.5 10.5 13.5]
199967.0
335/1000
[ 1.5  4.5  7.5 10.5 13.5]
199948.0
336/1000
[ 1.5  4.5  7.5 10.5 13.5]
199675.0
337/1000
[ 1.5  4.5  7.5 10.5 13.5]
200709.0
338/1000
[ 1.5  4.5  7.5 10.5 13.5]
200365.0
339/1000
[ 1.5  4.5  7.5 10.5 13.5]
200108.0
340/1000
[ 1.5  4.5  7.5 10.5 13.5]
200361.0
341/1000
[ 1.5  4.5  7.5 10.5 13.5]
199573.0
342/1000
[ 1.5  4.5  7.5 10.5 13.5]
199744.0
343/1000
[ 1.5  4.5  7.5 10.5 13.5]
199638.0
344/1000
[ 1.5  4.5  7.5 10.5 13.5]
199260.0
345/1000
[ 1.5  4.5  7.5 10.5 13.5]
200910.0
346/1000
[ 1.5  4.5  7.5 10.5 13.5]
200193.0
347/1000
[ 1.5  4.5  7.5 10.5 13.5]
199858.0
348/1000
[ 1.5  4.5  7.5 10.5 13.5]
199182.0
349/1000
[ 1.5  4.5  7.5 10.5 13.5]
199356.0
350/1000
[ 1.5  4.5  7.5 10.5 13.5]
199838.0
351/1000
[ 1.5  4.5  7.5 10.5 13.5]
200267.0
352/1000
[ 1.5  4.5  7.5 10.5 13.5]
200042.0
353/1000
[ 1.5  4.5  7.5 10.5 13.5]
199655.0
354/1000
[ 1.5  4.5  7.5 10.5 13.5]
199950.0
355/1000
[ 1.5  4.5  7.5 10.5 13.5]
200249.0
356/1000
[ 1.5  4.5  7.5 10.5 13.5]
200673.0
357/1000
[ 1.5  4.5  7.5 10.5 13.5]
199324.0
358/1000
[ 1.5  4.5  7.5 10.5 13.5]
200846.0
359/1000
[ 1.5  4.5  7.5 10.5 13.5]
200595.0
360/1000
[ 1.5  4.5  7.5 10.5 13.5]
199465.0
361/1000
[ 1.5  4.5  7.5 10.5 13.5]
199109.0
362/1000
[ 1.5  4.5  7.5 10.5 13.5]
199637.0
363/1000
[ 1.5  4.5  7.5 10.5 13.5]
200742.0
364/1000
[ 1.5  4.5  7.5 10.5 13.5]
199796.0
365/1000
[ 1.5  4.5  7.5 10.5 13.5]
199959.0
366/1000
[ 1.5  4.5  7.5 10.5 13.5]
199825.0
367/1000
[ 1.5  4.5  7.5 10.5 13.5]
199709.0
368/1000
[ 1.5  4.5  7.5 10.5 13.5]
200747.0
369/1000
[ 1.5  4.5  7.5 10.5 13.5]
199258.0
370/1000
[ 1.5  4.5  7.5 10.5 13.5]
200341.0
371/1000
[ 1.5  4.5  7.5 10.5 13.5]
200022.0
372/1000
[ 1.5  4.5  7.5 10.5 13.5]
200575.0
373/1000
[ 1.5  4.5  7.5 10.5 13.5]
199943.0
374/1000
[ 1.5  4.5  7.5 10.5 13.5]
199529.0
375/1000
[ 1.5  4.5  7.5 10.5 13.5]
199961.0
376/1000
[ 1.5  4.5  7.5 10.5 13.5]
200315.0
377/1000
[ 1.5  4.5  7.5 10.5 13.5]
200678.0
378/1000
[ 1.5  4.5  7.5 10.5 13.5]
199405.0
379/1000
[ 1.5  4.5  7.5 10.5 13.5]
200015.0
380/1000
[ 1.5  4.5  7.5 10.5 13.5]
200546.0
381/1000
[ 1.5  4.5  7.5 10.5 13.5]
199461.0
382/1000
[ 1.5  4.5  7.5 10.5 13.5]
200258.0
383/1000
[ 1.5  4.5  7.5 10.5 13.5]
199720.0
384/1000
[ 1.5  4.5  7.5 10.5 13.5]
200011.0
385/1000
[ 1.5  4.5  7.5 10.5 13.5]
200035.0
386/1000
[ 1.5  4.5  7.5 10.5 13.5]
200636.0
387/1000
[ 1.5  4.5  7.5 10.5 13.5]
199368.0
388/1000
[ 1.5  4.5  7.5 10.5 13.5]
200322.0
389/1000
[ 1.5  4.5  7.5 10.5 13.5]
199979.0
390/1000
[ 1.5  4.5  7.5 10.5 13.5]
199516.0
391/1000
[ 1.5  4.5  7.5 10.5 13.5]
200635.0
392/1000
[ 1.5  4.5  7.5 10.5 13.5]
199875.0
393/1000
[ 1.5  4.5  7.5 10.5 13.5]
200362.0
394/1000
[ 1.5  4.5  7.5 10.5 13.5]
199561.0
395/1000
[ 1.5  4.5  7.5 10.5 13.5]
200067.0
396/1000
[ 1.5  4.5  7.5 10.5 13.5]
199743.0
397/1000
[ 1.5  4.5  7.5 10.5 13.5]
199879.0
398/1000
[ 1.5  4.5  7.5 10.5 13.5]
200147.0
399/1000
[ 1.5  4.5  7.5 10.5 13.5]
199841.0
400/1000
[ 1.5  4.5  7.5 10.5 13.5]
199716.0
401/1000
[ 1.5  4.5  7.5 10.5 13.5]
199832.0
402/1000
[ 1.5  4.5  7.5 10.5 13.5]
200052.0
403/1000
[ 1.5  4.5  7.5 10.5 13.5]
200399.0
404/1000
[ 1.5  4.5  7.5 10.5 13.5]
199077.0
405/1000
[ 1.5  4.5  7.5 10.5 13.5]
199888.0
406/1000
[ 1.5  4.5  7.5 10.5 13.5]
200763.0
407/1000
[ 1.5  4.5  7.5 10.5 13.5]
199613.0
408/1000
[ 1.5  4.5  7.5 10.5 13.5]
200648.0
409/1000
[ 1.5  4.5  7.5 10.5 13.5]
199837.0
410/1000
[ 1.5  4.5  7.5 10.5 13.5]
199901.0
411/1000
[ 1.5  4.5  7.5 10.5 13.5]
199404.0
412/1000
[ 1.5  4.5  7.5 10.5 13.5]
200232.0
413/1000
[ 1.5  4.5  7.5 10.5 13.5]
200083.0
414/1000
[ 1.5  4.5  7.5 10.5 13.5]
199647.0
415/1000
[ 1.5  4.5  7.5 10.5 13.5]
199944.0
416/1000
[ 1.5  4.5  7.5 10.5 13.5]
200110.0
417/1000
[ 1.5  4.5  7.5 10.5 13.5]
199589.0
418/1000
[ 1.5  4.5  7.5 10.5 13.5]
199920.0
419/1000
[ 1.5  4.5  7.5 10.5 13.5]
199646.0
420/1000
[ 1.5  4.5  7.5 10.5 13.5]
200172.0
421/1000
[ 1.5  4.5  7.5 10.5 13.5]
200373.0
422/1000
[ 1.5  4.5  7.5 10.5 13.5]
199554.0
423/1000
[ 1.5  4.5  7.5 10.5 13.5]
199813.0
424/1000
[ 1.5  4.5  7.5 10.5 13.5]
200515.0
425/1000
[ 1.5  4.5  7.5 10.5 13.5]
200255.0
426/1000
[ 1.5  4.5  7.5 10.5 13.5]
199635.0
427/1000
[ 1.5  4.5  7.5 10.5 13.5]
199630.0
428/1000
[ 1.5  4.5  7.5 10.5 13.5]
199972.0
429/1000
[ 1.5  4.5  7.5 10.5 13.5]
199891.0
430/1000
[ 1.5  4.5  7.5 10.5 13.5]
199834.0
431/1000
[ 1.5  4.5  7.5 10.5 13.5]
199640.0
432/1000
[ 1.5  4.5  7.5 10.5 13.5]
199567.0
433/1000
[ 1.5  4.5  7.5 10.5 13.5]
199676.0
434/1000
[ 1.5  4.5  7.5 10.5 13.5]
200198.0
435/1000
[ 1.5  4.5  7.5 10.5 13.5]
199896.0
436/1000
[ 1.5  4.5  7.5 10.5 13.5]
199471.0
437/1000
[ 1.5  4.5  7.5 10.5 13.5]
200687.0
438/1000
[ 1.5  4.5  7.5 10.5 13.5]
199948.0
439/1000
[ 1.5  4.5  7.5 10.5 13.5]
200452.0
440/1000
[ 1.5  4.5  7.5 10.5 13.5]
199304.0
441/1000
[ 1.5  4.5  7.5 10.5 13.5]
200458.0
442/1000
[ 1.5  4.5  7.5 10.5 13.5]
200980.0
443/1000
[ 1.5  4.5  7.5 10.5 13.5]
199377.0
444/1000
[ 1.5  4.5  7.5 10.5 13.5]
200455.0
445/1000
[ 1.5  4.5  7.5 10.5 13.5]
198774.0
446/1000
[ 1.5  4.5  7.5 10.5 13.5]
199305.0
447/1000
[ 1.5  4.5  7.5 10.5 13.5]
199483.0
448/1000
[ 1.5  4.5  7.5 10.5 13.5]
199786.0
449/1000
[ 1.5  4.5  7.5 10.5 13.5]
199802.0
450/1000
[ 1.5  4.5  7.5 10.5 13.5]
200267.0
451/1000
[ 1.5  4.5  7.5 10.5 13.5]
199278.0
452/1000
[ 1.5  4.5  7.5 10.5 13.5]
200085.0
453/1000
[ 1.5  4.5  7.5 10.5 13.5]
200005.0
454/1000
[ 1.5  4.5  7.5 10.5 13.5]
200732.0
455/1000
[ 1.5  4.5  7.5 10.5 13.5]
200247.0
456/1000
[ 1.5  4.5  7.5 10.5 13.5]
199782.0
457/1000
[ 1.5  4.5  7.5 10.5 13.5]
199817.0
458/1000
[ 1.5  4.5  7.5 10.5 13.5]
199853.0
459/1000
[ 1.5  4.5  7.5 10.5 13.5]
200024.0
460/1000
[ 1.5  4.5  7.5 10.5 13.5]
200251.0
461/1000
[ 1.5  4.5  7.5 10.5 13.5]
200068.0
462/1000
[ 1.5  4.5  7.5 10.5 13.5]
199222.0
463/1000
[ 1.5  4.5  7.5 10.5 13.5]
200494.0
464/1000
[ 1.5  4.5  7.5 10.5 13.5]
201240.0
465/1000
[ 1.5  4.5  7.5 10.5 13.5]
199852.0
466/1000
[ 1.5  4.5  7.5 10.5 13.5]
201079.0
467/1000
[ 1.5  4.5  7.5 10.5 13.5]
200055.0
468/1000
[ 1.5  4.5  7.5 10.5 13.5]
200167.0
469/1000
[ 1.5  4.5  7.5 10.5 13.5]
199358.0
470/1000
[ 1.5  4.5  7.5 10.5 13.5]
199923.0
471/1000
[ 1.5  4.5  7.5 10.5 13.5]
199794.0
472/1000
[ 1.5  4.5  7.5 10.5 13.5]
199839.0
473/1000
[ 1.5  4.5  7.5 10.5 13.5]
199850.0
474/1000
[ 1.5  4.5  7.5 10.5 13.5]
199594.0
475/1000
[ 1.5  4.5  7.5 10.5 13.5]
199685.0
476/1000
[ 1.5  4.5  7.5 10.5 13.5]
200094.0
477/1000
[ 1.5  4.5  7.5 10.5 13.5]
200212.0
478/1000
[ 1.5  4.5  7.5 10.5 13.5]
200011.0
479/1000
[ 1.5  4.5  7.5 10.5 13.5]
199047.0
480/1000
[ 1.5  4.5  7.5 10.5 13.5]
199551.0
481/1000
[ 1.5  4.5  7.5 10.5 13.5]
199324.0
482/1000
[ 1.5  4.5  7.5 10.5 13.5]
199286.0
483/1000
[ 1.5  4.5  7.5 10.5 13.5]
200284.0
484/1000
[ 1.5  4.5  7.5 10.5 13.5]
200681.0
485/1000
[ 1.5  4.5  7.5 10.5 13.5]
199651.0
486/1000
[ 1.5  4.5  7.5 10.5 13.5]
199732.0
487/1000
[ 1.5  4.5  7.5 10.5 13.5]
200283.0
488/1000
[ 1.5  4.5  7.5 10.5 13.5]
199896.0
489/1000
[ 1.5  4.5  7.5 10.5 13.5]
200178.0
490/1000
[ 1.5  4.5  7.5 10.5 13.5]
199330.0
491/1000
[ 1.5  4.5  7.5 10.5 13.5]
199463.0
492/1000
[ 1.5  4.5  7.5 10.5 13.5]
199599.0
493/1000
[ 1.5  4.5  7.5 10.5 13.5]
199816.0
494/1000
[ 1.5  4.5  7.5 10.5 13.5]
200096.0
495/1000
[ 1.5  4.5  7.5 10.5 13.5]
200097.0
496/1000
[ 1.5  4.5  7.5 10.5 13.5]
199996.0
497/1000
[ 1.5  4.5  7.5 10.5 13.5]
199999.0
498/1000
[ 1.5  4.5  7.5 10.5 13.5]
199719.0
499/1000
[ 1.5  4.5  7.5 10.5 13.5]
199457.0
500/1000
[ 1.5  4.5  7.5 10.5 13.5]
199963.0
501/1000
[ 1.5  4.5  7.5 10.5 13.5]
199966.0
502/1000
[ 1.5  4.5  7.5 10.5 13.5]
200069.0
503/1000
[ 1.5  4.5  7.5 10.5 13.5]
200336.0
504/1000
[ 1.5  4.5  7.5 10.5 13.5]
199737.0
505/1000
[ 1.5  4.5  7.5 10.5 13.5]
199400.0
506/1000
[ 1.5  4.5  7.5 10.5 13.5]
199745.0
507/1000
[ 1.5  4.5  7.5 10.5 13.5]
200205.0
508/1000
[ 1.5  4.5  7.5 10.5 13.5]
199971.0
509/1000
[ 1.5  4.5  7.5 10.5 13.5]
200315.0
510/1000
[ 1.5  4.5  7.5 10.5 13.5]
199438.0
511/1000
[ 1.5  4.5  7.5 10.5 13.5]
199969.0
512/1000
[ 1.5  4.5  7.5 10.5 13.5]
199462.0
513/1000
[ 1.5  4.5  7.5 10.5 13.5]
200279.0
514/1000
[ 1.5  4.5  7.5 10.5 13.5]
199801.0
515/1000
[ 1.5  4.5  7.5 10.5 13.5]
200544.0
516/1000
[ 1.5  4.5  7.5 10.5 13.5]
199924.0
517/1000
[ 1.5  4.5  7.5 10.5 13.5]
199635.0
518/1000
[ 1.5  4.5  7.5 10.5 13.5]
199748.0
519/1000
[ 1.5  4.5  7.5 10.5 13.5]
200114.0
520/1000
[ 1.5  4.5  7.5 10.5 13.5]
199971.0
521/1000
[ 1.5  4.5  7.5 10.5 13.5]
199049.0
522/1000
[ 1.5  4.5  7.5 10.5 13.5]
200093.0
523/1000
[ 1.5  4.5  7.5 10.5 13.5]
199989.0
524/1000
[ 1.5  4.5  7.5 10.5 13.5]
199701.0
525/1000
[ 1.5  4.5  7.5 10.5 13.5]
199638.0
526/1000
[ 1.5  4.5  7.5 10.5 13.5]
200436.0
527/1000
[ 1.5  4.5  7.5 10.5 13.5]
200740.0
528/1000
[ 1.5  4.5  7.5 10.5 13.5]
199550.0
529/1000
[ 1.5  4.5  7.5 10.5 13.5]
199397.0
530/1000
[ 1.5  4.5  7.5 10.5 13.5]
200156.0
531/1000
[ 1.5  4.5  7.5 10.5 13.5]
200001.0
532/1000
[ 1.5  4.5  7.5 10.5 13.5]
200241.0
533/1000
[ 1.5  4.5  7.5 10.5 13.5]
200130.0
534/1000
[ 1.5  4.5  7.5 10.5 13.5]
200392.0
535/1000
[ 1.5  4.5  7.5 10.5 13.5]
199995.0
536/1000
[ 1.5  4.5  7.5 10.5 13.5]
199953.0
537/1000
[ 1.5  4.5  7.5 10.5 13.5]
199844.0
538/1000
[ 1.5  4.5  7.5 10.5 13.5]
198785.0
539/1000
[ 1.5  4.5  7.5 10.5 13.5]
199689.0
540/1000
[ 1.5  4.5  7.5 10.5 13.5]
200642.0
541/1000
[ 1.5  4.5  7.5 10.5 13.5]
200006.0
542/1000
[ 1.5  4.5  7.5 10.5 13.5]
199866.0
543/1000
[ 1.5  4.5  7.5 10.5 13.5]
199855.0
544/1000
[ 1.5  4.5  7.5 10.5 13.5]
200709.0
545/1000
[ 1.5  4.5  7.5 10.5 13.5]
199580.0
546/1000
[ 1.5  4.5  7.5 10.5 13.5]
200512.0
547/1000
[ 1.5  4.5  7.5 10.5 13.5]
199867.0
548/1000
[ 1.5  4.5  7.5 10.5 13.5]
199729.0
549/1000
[ 1.5  4.5  7.5 10.5 13.5]
199767.0
550/1000
[ 1.5  4.5  7.5 10.5 13.5]
200286.0
551/1000
[ 1.5  4.5  7.5 10.5 13.5]
200031.0
552/1000
[ 1.5  4.5  7.5 10.5 13.5]
199930.0
553/1000
[ 1.5  4.5  7.5 10.5 13.5]
200893.0
554/1000
[ 1.5  4.5  7.5 10.5 13.5]
199207.0
555/1000
[ 1.5  4.5  7.5 10.5 13.5]
200027.0
556/1000
[ 1.5  4.5  7.5 10.5 13.5]
199786.0
557/1000
[ 1.5  4.5  7.5 10.5 13.5]
199959.0
558/1000
[ 1.5  4.5  7.5 10.5 13.5]
199782.0
559/1000
[ 1.5  4.5  7.5 10.5 13.5]
199402.0
560/1000
[ 1.5  4.5  7.5 10.5 13.5]
199388.0
561/1000
[ 1.5  4.5  7.5 10.5 13.5]
201277.0
562/1000
[ 1.5  4.5  7.5 10.5 13.5]
200123.0
563/1000
[ 1.5  4.5  7.5 10.5 13.5]
200496.0
564/1000
[ 1.5  4.5  7.5 10.5 13.5]
199490.0
565/1000
[ 1.5  4.5  7.5 10.5 13.5]
199220.0
566/1000
[ 1.5  4.5  7.5 10.5 13.5]
200181.0
567/1000
[ 1.5  4.5  7.5 10.5 13.5]
199845.0
568/1000
[ 1.5  4.5  7.5 10.5 13.5]
200169.0
569/1000
[ 1.5  4.5  7.5 10.5 13.5]
200050.0
570/1000
[ 1.5  4.5  7.5 10.5 13.5]
200338.0
571/1000
[ 1.5  4.5  7.5 10.5 13.5]
199740.0
572/1000
[ 1.5  4.5  7.5 10.5 13.5]
199951.0
573/1000
[ 1.5  4.5  7.5 10.5 13.5]
199796.0
574/1000
[ 1.5  4.5  7.5 10.5 13.5]
200134.0
575/1000
[ 1.5  4.5  7.5 10.5 13.5]
200391.0
576/1000
[ 1.5  4.5  7.5 10.5 13.5]
201180.0
577/1000
[ 1.5  4.5  7.5 10.5 13.5]
200272.0
578/1000
[ 1.5  4.5  7.5 10.5 13.5]
199637.0
579/1000
[ 1.5  4.5  7.5 10.5 13.5]
200050.0
580/1000
[ 1.5  4.5  7.5 10.5 13.5]
200498.0
581/1000
[ 1.5  4.5  7.5 10.5 13.5]
199939.0
582/1000
[ 1.5  4.5  7.5 10.5 13.5]
200325.0
583/1000
[ 1.5  4.5  7.5 10.5 13.5]
199573.0
584/1000
[ 1.5  4.5  7.5 10.5 13.5]
199940.0
585/1000
[ 1.5  4.5  7.5 10.5 13.5]
200439.0
586/1000
[ 1.5  4.5  7.5 10.5 13.5]
200839.0
587/1000
[ 1.5  4.5  7.5 10.5 13.5]
199880.0
588/1000
[ 1.5  4.5  7.5 10.5 13.5]
199425.0
589/1000
[ 1.5  4.5  7.5 10.5 13.5]
199587.0
590/1000
[ 1.5  4.5  7.5 10.5 13.5]
200776.0
591/1000
[ 1.5  4.5  7.5 10.5 13.5]
199415.0
592/1000
[ 1.5  4.5  7.5 10.5 13.5]
199790.0
593/1000
[ 1.5  4.5  7.5 10.5 13.5]
200156.0
594/1000
[ 1.5  4.5  7.5 10.5 13.5]
199911.0
595/1000
[ 1.5  4.5  7.5 10.5 13.5]
199640.0
596/1000
[ 1.5  4.5  7.5 10.5 13.5]
199823.0
597/1000
[ 1.5  4.5  7.5 10.5 13.5]
199888.0
598/1000
[ 1.5  4.5  7.5 10.5 13.5]
199230.0
599/1000
[ 1.5  4.5  7.5 10.5 13.5]
199267.0
600/1000
[ 1.5  4.5  7.5 10.5 13.5]
200748.0
601/1000
[ 1.5  4.5  7.5 10.5 13.5]
199679.0
602/1000
[ 1.5  4.5  7.5 10.5 13.5]
199567.0
603/1000
[ 1.5  4.5  7.5 10.5 13.5]
200625.0
604/1000
[ 1.5  4.5  7.5 10.5 13.5]
200397.0
605/1000
[ 1.5  4.5  7.5 10.5 13.5]
200151.0
606/1000
[ 1.5  4.5  7.5 10.5 13.5]
200679.0
607/1000
[ 1.5  4.5  7.5 10.5 13.5]
200184.0
608/1000
[ 1.5  4.5  7.5 10.5 13.5]
200626.0
609/1000
[ 1.5  4.5  7.5 10.5 13.5]
199988.0
610/1000
[ 1.5  4.5  7.5 10.5 13.5]
200354.0
611/1000
[ 1.5  4.5  7.5 10.5 13.5]
199664.0
612/1000
[ 1.5  4.5  7.5 10.5 13.5]
200130.0
613/1000
[ 1.5  4.5  7.5 10.5 13.5]
200498.0
614/1000
[ 1.5  4.5  7.5 10.5 13.5]
199848.0
615/1000
[ 1.5  4.5  7.5 10.5 13.5]
200371.0
616/1000
[ 1.5  4.5  7.5 10.5 13.5]
199113.0
617/1000
[ 1.5  4.5  7.5 10.5 13.5]
200210.0
618/1000
[ 1.5  4.5  7.5 10.5 13.5]
200073.0
619/1000
[ 1.5  4.5  7.5 10.5 13.5]
199787.0
620/1000
[ 1.5  4.5  7.5 10.5 13.5]
200181.0
621/1000
[ 1.5  4.5  7.5 10.5 13.5]
200832.0
622/1000
[ 1.5  4.5  7.5 10.5 13.5]
199265.0
623/1000
[ 1.5  4.5  7.5 10.5 13.5]
199984.0
624/1000
[ 1.5  4.5  7.5 10.5 13.5]
199741.0
625/1000
[ 1.5  4.5  7.5 10.5 13.5]
199990.0
626/1000
[ 1.5  4.5  7.5 10.5 13.5]
200992.0
627/1000
[ 1.5  4.5  7.5 10.5 13.5]
200440.0
628/1000
[ 1.5  4.5  7.5 10.5 13.5]
200325.0
629/1000
[ 1.5  4.5  7.5 10.5 13.5]
199629.0
630/1000
[ 1.5  4.5  7.5 10.5 13.5]
200015.0
631/1000
[ 1.5  4.5  7.5 10.5 13.5]
200218.0
632/1000
[ 1.5  4.5  7.5 10.5 13.5]
200475.0
633/1000
[ 1.5  4.5  7.5 10.5 13.5]
200117.0
634/1000
[ 1.5  4.5  7.5 10.5 13.5]
201249.0
635/1000
[ 1.5  4.5  7.5 10.5 13.5]
200287.0
636/1000
[ 1.5  4.5  7.5 10.5 13.5]
199550.0
637/1000
[ 1.5  4.5  7.5 10.5 13.5]
199903.0
638/1000
[ 1.5  4.5  7.5 10.5 13.5]
200236.0
639/1000
[ 1.5  4.5  7.5 10.5 13.5]
200160.0
640/1000
[ 1.5  4.5  7.5 10.5 13.5]
200456.0
641/1000
[ 1.5  4.5  7.5 10.5 13.5]
199985.0
642/1000
[ 1.5  4.5  7.5 10.5 13.5]
198948.0
643/1000
[ 1.5  4.5  7.5 10.5 13.5]
199607.0
644/1000
[ 1.5  4.5  7.5 10.5 13.5]
200346.0
645/1000
[ 1.5  4.5  7.5 10.5 13.5]
200620.0
646/1000
[ 1.5  4.5  7.5 10.5 13.5]
200512.0
647/1000
[ 1.5  4.5  7.5 10.5 13.5]
200048.0
648/1000
[ 1.5  4.5  7.5 10.5 13.5]
199733.0
649/1000
[ 1.5  4.5  7.5 10.5 13.5]
199948.0
650/1000
[ 1.5  4.5  7.5 10.5 13.5]
200124.0
651/1000
[ 1.5  4.5  7.5 10.5 13.5]
199908.0
652/1000
[ 1.5  4.5  7.5 10.5 13.5]
199519.0
653/1000
[ 1.5  4.5  7.5 10.5 13.5]
199286.0
654/1000
[ 1.5  4.5  7.5 10.5 13.5]
200373.0
655/1000
[ 1.5  4.5  7.5 10.5 13.5]
199632.0
656/1000
[ 1.5  4.5  7.5 10.5 13.5]
199499.0
657/1000
[ 1.5  4.5  7.5 10.5 13.5]
199515.0
658/1000
[ 1.5  4.5  7.5 10.5 13.5]
199917.0
659/1000
[ 1.5  4.5  7.5 10.5 13.5]
200420.0
660/1000
[ 1.5  4.5  7.5 10.5 13.5]
200325.0
661/1000
[ 1.5  4.5  7.5 10.5 13.5]
200498.0
662/1000
[ 1.5  4.5  7.5 10.5 13.5]
199583.0
663/1000
[ 1.5  4.5  7.5 10.5 13.5]
199829.0
664/1000
[ 1.5  4.5  7.5 10.5 13.5]
200770.0
665/1000
[ 1.5  4.5  7.5 10.5 13.5]
200571.0
666/1000
[ 1.5  4.5  7.5 10.5 13.5]
200091.0
667/1000
[ 1.5  4.5  7.5 10.5 13.5]
199781.0
668/1000
[ 1.5  4.5  7.5 10.5 13.5]
199373.0
669/1000
[ 1.5  4.5  7.5 10.5 13.5]
200359.0
670/1000
[ 1.5  4.5  7.5 10.5 13.5]
199748.0
671/1000
[ 1.5  4.5  7.5 10.5 13.5]
199665.0
672/1000
[ 1.5  4.5  7.5 10.5 13.5]
200213.0
673/1000
[ 1.5  4.5  7.5 10.5 13.5]
200562.0
674/1000
[ 1.5  4.5  7.5 10.5 13.5]
199491.0
675/1000
[ 1.5  4.5  7.5 10.5 13.5]
200555.0
676/1000
[ 1.5  4.5  7.5 10.5 13.5]
199687.0
677/1000
[ 1.5  4.5  7.5 10.5 13.5]
199785.0
678/1000
[ 1.5  4.5  7.5 10.5 13.5]
200213.0
679/1000
[ 1.5  4.5  7.5 10.5 13.5]
201106.0
680/1000
[ 1.5  4.5  7.5 10.5 13.5]
199534.0
681/1000
[ 1.5  4.5  7.5 10.5 13.5]
200291.0
682/1000
[ 1.5  4.5  7.5 10.5 13.5]
199377.0
683/1000
[ 1.5  4.5  7.5 10.5 13.5]
200232.0
684/1000
[ 1.5  4.5  7.5 10.5 13.5]
199806.0
685/1000
[ 1.5  4.5  7.5 10.5 13.5]
199509.0
686/1000
[ 1.5  4.5  7.5 10.5 13.5]
199818.0
687/1000
[ 1.5  4.5  7.5 10.5 13.5]
199479.0
688/1000
[ 1.5  4.5  7.5 10.5 13.5]
200062.0
689/1000
[ 1.5  4.5  7.5 10.5 13.5]
200405.0
690/1000
[ 1.5  4.5  7.5 10.5 13.5]
199344.0
691/1000
[ 1.5  4.5  7.5 10.5 13.5]
200366.0
692/1000
[ 1.5  4.5  7.5 10.5 13.5]
199249.0
693/1000
[ 1.5  4.5  7.5 10.5 13.5]
199398.0
694/1000
[ 1.5  4.5  7.5 10.5 13.5]
199925.0
695/1000
[ 1.5  4.5  7.5 10.5 13.5]
200615.0
696/1000
[ 1.5  4.5  7.5 10.5 13.5]
200093.0
697/1000
[ 1.5  4.5  7.5 10.5 13.5]
199597.0
698/1000
[ 1.5  4.5  7.5 10.5 13.5]
199874.0
699/1000
[ 1.5  4.5  7.5 10.5 13.5]
199049.0
700/1000
[ 1.5  4.5  7.5 10.5 13.5]
199743.0
701/1000
[ 1.5  4.5  7.5 10.5 13.5]
199345.0
702/1000
[ 1.5  4.5  7.5 10.5 13.5]
200181.0
703/1000
[ 1.5  4.5  7.5 10.5 13.5]
200235.0
704/1000
[ 1.5  4.5  7.5 10.5 13.5]
199699.0
705/1000
[ 1.5  4.5  7.5 10.5 13.5]
201170.0
706/1000
[ 1.5  4.5  7.5 10.5 13.5]
200602.0
707/1000
[ 1.5  4.5  7.5 10.5 13.5]
199597.0
708/1000
[ 1.5  4.5  7.5 10.5 13.5]
199312.0
709/1000
[ 1.5  4.5  7.5 10.5 13.5]
199790.0
710/1000
[ 1.5  4.5  7.5 10.5 13.5]
199411.0
711/1000
[ 1.5  4.5  7.5 10.5 13.5]
200905.0
712/1000
[ 1.5  4.5  7.5 10.5 13.5]
199226.0
713/1000
[ 1.5  4.5  7.5 10.5 13.5]
199422.0
714/1000
[ 1.5  4.5  7.5 10.5 13.5]
199252.0
715/1000
[ 1.5  4.5  7.5 10.5 13.5]
199855.0
716/1000
[ 1.5  4.5  7.5 10.5 13.5]
199684.0
717/1000
[ 1.5  4.5  7.5 10.5 13.5]
200215.0
718/1000
[ 1.5  4.5  7.5 10.5 13.5]
200972.0
719/1000
[ 1.5  4.5  7.5 10.5 13.5]
199847.0
720/1000
[ 1.5  4.5  7.5 10.5 13.5]
199812.0
721/1000
[ 1.5  4.5  7.5 10.5 13.5]
199610.0
722/1000
[ 1.5  4.5  7.5 10.5 13.5]
199923.0
723/1000
[ 1.5  4.5  7.5 10.5 13.5]
200390.0
724/1000
[ 1.5  4.5  7.5 10.5 13.5]
199694.0
725/1000
[ 1.5  4.5  7.5 10.5 13.5]
200036.0
726/1000
[ 1.5  4.5  7.5 10.5 13.5]
200117.0
727/1000
[ 1.5  4.5  7.5 10.5 13.5]
199686.0
728/1000
[ 1.5  4.5  7.5 10.5 13.5]
199864.0
729/1000
[ 1.5  4.5  7.5 10.5 13.5]
200644.0
730/1000
[ 1.5  4.5  7.5 10.5 13.5]
200268.0
731/1000
[ 1.5  4.5  7.5 10.5 13.5]
199518.0
732/1000
[ 1.5  4.5  7.5 10.5 13.5]
200078.0
733/1000
[ 1.5  4.5  7.5 10.5 13.5]
199678.0
734/1000
[ 1.5  4.5  7.5 10.5 13.5]
200162.0
735/1000
[ 1.5  4.5  7.5 10.5 13.5]
201005.0
736/1000
[ 1.5  4.5  7.5 10.5 13.5]
199921.0
737/1000
[ 1.5  4.5  7.5 10.5 13.5]
199795.0
738/1000
[ 1.5  4.5  7.5 10.5 13.5]
200489.0
739/1000
[ 1.5  4.5  7.5 10.5 13.5]
199479.0
740/1000
[ 1.5  4.5  7.5 10.5 13.5]
200464.0
741/1000
[ 1.5  4.5  7.5 10.5 13.5]
200618.0
742/1000
[ 1.5  4.5  7.5 10.5 13.5]
199883.0
743/1000
[ 1.5  4.5  7.5 10.5 13.5]
200021.0
744/1000
[ 1.5  4.5  7.5 10.5 13.5]
199257.0
745/1000
[ 1.5  4.5  7.5 10.5 13.5]
199908.0
746/1000
[ 1.5  4.5  7.5 10.5 13.5]
199817.0
747/1000
[ 1.5  4.5  7.5 10.5 13.5]
200384.0
748/1000
[ 1.5  4.5  7.5 10.5 13.5]
200340.0
749/1000
[ 1.5  4.5  7.5 10.5 13.5]
199971.0
750/1000
[ 1.5  4.5  7.5 10.5 13.5]
199850.0
751/1000
[ 1.5  4.5  7.5 10.5 13.5]
200645.0
752/1000
[ 1.5  4.5  7.5 10.5 13.5]
200311.0
753/1000
[ 1.5  4.5  7.5 10.5 13.5]
200159.0
754/1000
[ 1.5  4.5  7.5 10.5 13.5]
200515.0
755/1000
[ 1.5  4.5  7.5 10.5 13.5]
199451.0
756/1000
[ 1.5  4.5  7.5 10.5 13.5]
199774.0
757/1000
[ 1.5  4.5  7.5 10.5 13.5]
200080.0
758/1000
[ 1.5  4.5  7.5 10.5 13.5]
199827.0
759/1000
[ 1.5  4.5  7.5 10.5 13.5]
200135.0
760/1000
[ 1.5  4.5  7.5 10.5 13.5]
199761.0
761/1000
[ 1.5  4.5  7.5 10.5 13.5]
200058.0
762/1000
[ 1.5  4.5  7.5 10.5 13.5]
200049.0
763/1000
[ 1.5  4.5  7.5 10.5 13.5]
200576.0
764/1000
[ 1.5  4.5  7.5 10.5 13.5]
199866.0
765/1000
[ 1.5  4.5  7.5 10.5 13.5]
200510.0
766/1000
[ 1.5  4.5  7.5 10.5 13.5]
199438.0
767/1000
[ 1.5  4.5  7.5 10.5 13.5]
200388.0
768/1000
[ 1.5  4.5  7.5 10.5 13.5]
200512.0
769/1000
[ 1.5  4.5  7.5 10.5 13.5]
199573.0
770/1000
[ 1.5  4.5  7.5 10.5 13.5]
199815.0
771/1000
[ 1.5  4.5  7.5 10.5 13.5]
199943.0
772/1000
[ 1.5  4.5  7.5 10.5 13.5]
199598.0
773/1000
[ 1.5  4.5  7.5 10.5 13.5]
200403.0
774/1000
[ 1.5  4.5  7.5 10.5 13.5]
199727.0
775/1000
[ 1.5  4.5  7.5 10.5 13.5]
199902.0
776/1000
[ 1.5  4.5  7.5 10.5 13.5]
198758.0
777/1000
[ 1.5  4.5  7.5 10.5 13.5]
199911.0
778/1000
[ 1.5  4.5  7.5 10.5 13.5]
199519.0
779/1000
[ 1.5  4.5  7.5 10.5 13.5]
199741.0
780/1000
[ 1.5  4.5  7.5 10.5 13.5]
199249.0
781/1000
[ 1.5  4.5  7.5 10.5 13.5]
200409.0
782/1000
[ 1.5  4.5  7.5 10.5 13.5]
200025.0
783/1000
[ 1.5  4.5  7.5 10.5 13.5]
199998.0
784/1000
[ 1.5  4.5  7.5 10.5 13.5]
200028.0
785/1000
[ 1.5  4.5  7.5 10.5 13.5]
200069.0
786/1000
[ 1.5  4.5  7.5 10.5 13.5]
199933.0
787/1000
[ 1.5  4.5  7.5 10.5 13.5]
201175.0
788/1000
[ 1.5  4.5  7.5 10.5 13.5]
200267.0
789/1000
[ 1.5  4.5  7.5 10.5 13.5]
199702.0
790/1000
[ 1.5  4.5  7.5 10.5 13.5]
199806.0
791/1000
[ 1.5  4.5  7.5 10.5 13.5]
200132.0
792/1000
[ 1.5  4.5  7.5 10.5 13.5]
199750.0
793/1000
[ 1.5  4.5  7.5 10.5 13.5]
199435.0
794/1000
[ 1.5  4.5  7.5 10.5 13.5]
199182.0
795/1000
[ 1.5  4.5  7.5 10.5 13.5]
199976.0
796/1000
[ 1.5  4.5  7.5 10.5 13.5]
199512.0
797/1000
[ 1.5  4.5  7.5 10.5 13.5]
199650.0
798/1000
[ 1.5  4.5  7.5 10.5 13.5]
200379.0
799/1000
[ 1.5  4.5  7.5 10.5 13.5]
199520.0
800/1000
[ 1.5  4.5  7.5 10.5 13.5]
199602.0
801/1000
[ 1.5  4.5  7.5 10.5 13.5]
200704.0
802/1000
[ 1.5  4.5  7.5 10.5 13.5]
200371.0
803/1000
[ 1.5  4.5  7.5 10.5 13.5]
200106.0
804/1000
[ 1.5  4.5  7.5 10.5 13.5]
199767.0
805/1000
[ 1.5  4.5  7.5 10.5 13.5]
200623.0
806/1000
[ 1.5  4.5  7.5 10.5 13.5]
200480.0
807/1000
[ 1.5  4.5  7.5 10.5 13.5]
201586.0
808/1000
[ 1.5  4.5  7.5 10.5 13.5]
200030.0
809/1000
[ 1.5  4.5  7.5 10.5 13.5]
200295.0
810/1000
[ 1.5  4.5  7.5 10.5 13.5]
199287.0
811/1000
[ 1.5  4.5  7.5 10.5 13.5]
200645.0
812/1000
[ 1.5  4.5  7.5 10.5 13.5]
199428.0
813/1000
[ 1.5  4.5  7.5 10.5 13.5]
199989.0
814/1000
[ 1.5  4.5  7.5 10.5 13.5]
199643.0
815/1000
[ 1.5  4.5  7.5 10.5 13.5]
200067.0
816/1000
[ 1.5  4.5  7.5 10.5 13.5]
199811.0
817/1000
[ 1.5  4.5  7.5 10.5 13.5]
199943.0
818/1000
[ 1.5  4.5  7.5 10.5 13.5]
200702.0
819/1000
[ 1.5  4.5  7.5 10.5 13.5]
200156.0
820/1000
[ 1.5  4.5  7.5 10.5 13.5]
199580.0
821/1000
[ 1.5  4.5  7.5 10.5 13.5]
200485.0
822/1000
[ 1.5  4.5  7.5 10.5 13.5]
199865.0
823/1000
[ 1.5  4.5  7.5 10.5 13.5]
199831.0
824/1000
[ 1.5  4.5  7.5 10.5 13.5]
199494.0
825/1000
[ 1.5  4.5  7.5 10.5 13.5]
199512.0
826/1000
[ 1.5  4.5  7.5 10.5 13.5]
199739.0
827/1000
[ 1.5  4.5  7.5 10.5 13.5]
200198.0
828/1000
[ 1.5  4.5  7.5 10.5 13.5]
199803.0
829/1000
[ 1.5  4.5  7.5 10.5 13.5]
200068.0
830/1000
[ 1.5  4.5  7.5 10.5 13.5]
199602.0
831/1000
[ 1.5  4.5  7.5 10.5 13.5]
200352.0
832/1000
[ 1.5  4.5  7.5 10.5 13.5]
199623.0
833/1000
[ 1.5  4.5  7.5 10.5 13.5]
199263.0
834/1000
[ 1.5  4.5  7.5 10.5 13.5]
199515.0
835/1000
[ 1.5  4.5  7.5 10.5 13.5]
199245.0
836/1000
[ 1.5  4.5  7.5 10.5 13.5]
199965.0
837/1000
[ 1.5  4.5  7.5 10.5 13.5]
199596.0
838/1000
[ 1.5  4.5  7.5 10.5 13.5]
199992.0
839/1000
[ 1.5  4.5  7.5 10.5 13.5]
199210.0
840/1000
[ 1.5  4.5  7.5 10.5 13.5]
200361.0
841/1000
[ 1.5  4.5  7.5 10.5 13.5]
199671.0
842/1000
[ 1.5  4.5  7.5 10.5 13.5]
200745.0
843/1000
[ 1.5  4.5  7.5 10.5 13.5]
200182.0
844/1000
[ 1.5  4.5  7.5 10.5 13.5]
199830.0
845/1000
[ 1.5  4.5  7.5 10.5 13.5]
200175.0
846/1000
[ 1.5  4.5  7.5 10.5 13.5]
200568.0
847/1000
[ 1.5  4.5  7.5 10.5 13.5]
199305.0
848/1000
[ 1.5  4.5  7.5 10.5 13.5]
200208.0
849/1000
[ 1.5  4.5  7.5 10.5 13.5]
200291.0
850/1000
[ 1.5  4.5  7.5 10.5 13.5]
200588.0
851/1000
[ 1.5  4.5  7.5 10.5 13.5]
199620.0
852/1000
[ 1.5  4.5  7.5 10.5 13.5]
200307.0
853/1000
[ 1.5  4.5  7.5 10.5 13.5]
200075.0
854/1000
[ 1.5  4.5  7.5 10.5 13.5]
199691.0
855/1000
[ 1.5  4.5  7.5 10.5 13.5]
199366.0
856/1000
[ 1.5  4.5  7.5 10.5 13.5]
201086.0
857/1000
[ 1.5  4.5  7.5 10.5 13.5]
200385.0
858/1000
[ 1.5  4.5  7.5 10.5 13.5]
200506.0
859/1000
[ 1.5  4.5  7.5 10.5 13.5]
200220.0
860/1000
[ 1.5  4.5  7.5 10.5 13.5]
200056.0
861/1000
[ 1.5  4.5  7.5 10.5 13.5]
200274.0
862/1000
[ 1.5  4.5  7.5 10.5 13.5]
200421.0
863/1000
[ 1.5  4.5  7.5 10.5 13.5]
200121.0
864/1000
[ 1.5  4.5  7.5 10.5 13.5]
200237.0
865/1000
[ 1.5  4.5  7.5 10.5 13.5]
200032.0
866/1000
[ 1.5  4.5  7.5 10.5 13.5]
200168.0
867/1000
[ 1.5  4.5  7.5 10.5 13.5]
200150.0
868/1000
[ 1.5  4.5  7.5 10.5 13.5]
199751.0
869/1000
[ 1.5  4.5  7.5 10.5 13.5]
200141.0
870/1000
[ 1.5  4.5  7.5 10.5 13.5]
199166.0
871/1000
[ 1.5  4.5  7.5 10.5 13.5]
199538.0
872/1000
[ 1.5  4.5  7.5 10.5 13.5]
200020.0
873/1000
[ 1.5  4.5  7.5 10.5 13.5]
200510.0
874/1000
[ 1.5  4.5  7.5 10.5 13.5]
199458.0
875/1000
[ 1.5  4.5  7.5 10.5 13.5]
199358.0
876/1000
[ 1.5  4.5  7.5 10.5 13.5]
200224.0
877/1000
[ 1.5  4.5  7.5 10.5 13.5]
199979.0
878/1000
[ 1.5  4.5  7.5 10.5 13.5]
199510.0
879/1000
[ 1.5  4.5  7.5 10.5 13.5]
200497.0
880/1000
[ 1.5  4.5  7.5 10.5 13.5]
199715.0
881/1000
[ 1.5  4.5  7.5 10.5 13.5]
199914.0
882/1000
[ 1.5  4.5  7.5 10.5 13.5]
200069.0
883/1000
[ 1.5  4.5  7.5 10.5 13.5]
200478.0
884/1000
[ 1.5  4.5  7.5 10.5 13.5]
200157.0
885/1000
[ 1.5  4.5  7.5 10.5 13.5]
199926.0
886/1000
[ 1.5  4.5  7.5 10.5 13.5]
199669.0
887/1000
[ 1.5  4.5  7.5 10.5 13.5]
199562.0
888/1000
[ 1.5  4.5  7.5 10.5 13.5]
199968.0
889/1000
[ 1.5  4.5  7.5 10.5 13.5]
199778.0
890/1000
[ 1.5  4.5  7.5 10.5 13.5]
200563.0
891/1000
[ 1.5  4.5  7.5 10.5 13.5]
200923.0
892/1000
[ 1.5  4.5  7.5 10.5 13.5]
199710.0
893/1000
[ 1.5  4.5  7.5 10.5 13.5]
199204.0
894/1000
[ 1.5  4.5  7.5 10.5 13.5]
200812.0
895/1000
[ 1.5  4.5  7.5 10.5 13.5]
199434.0
896/1000
[ 1.5  4.5  7.5 10.5 13.5]
200568.0
897/1000
[ 1.5  4.5  7.5 10.5 13.5]
200219.0
898/1000
[ 1.5  4.5  7.5 10.5 13.5]
200069.0
899/1000
[ 1.5  4.5  7.5 10.5 13.5]
199414.0
900/1000
[ 1.5  4.5  7.5 10.5 13.5]
199630.0
901/1000
[ 1.5  4.5  7.5 10.5 13.5]
200457.0
902/1000
[ 1.5  4.5  7.5 10.5 13.5]
200512.0
903/1000
[ 1.5  4.5  7.5 10.5 13.5]
200673.0
904/1000
[ 1.5  4.5  7.5 10.5 13.5]
200823.0
905/1000
[ 1.5  4.5  7.5 10.5 13.5]
200233.0
906/1000
[ 1.5  4.5  7.5 10.5 13.5]
199920.0
907/1000
[ 1.5  4.5  7.5 10.5 13.5]
199271.0
908/1000
[ 1.5  4.5  7.5 10.5 13.5]
200609.0
909/1000
[ 1.5  4.5  7.5 10.5 13.5]
199380.0
910/1000
[ 1.5  4.5  7.5 10.5 13.5]
200019.0
911/1000
[ 1.5  4.5  7.5 10.5 13.5]
200263.0
912/1000
[ 1.5  4.5  7.5 10.5 13.5]
200180.0
913/1000
[ 1.5  4.5  7.5 10.5 13.5]
201227.0
914/1000
[ 1.5  4.5  7.5 10.5 13.5]
199852.0
915/1000
[ 1.5  4.5  7.5 10.5 13.5]
199802.0
916/1000
[ 1.5  4.5  7.5 10.5 13.5]
199945.0
917/1000
[ 1.5  4.5  7.5 10.5 13.5]
200177.0
918/1000
[ 1.5  4.5  7.5 10.5 13.5]
199487.0
919/1000
[ 1.5  4.5  7.5 10.5 13.5]
200471.0
920/1000
[ 1.5  4.5  7.5 10.5 13.5]
199761.0
921/1000
[ 1.5  4.5  7.5 10.5 13.5]
200170.0
922/1000
[ 1.5  4.5  7.5 10.5 13.5]
199847.99999999997
923/1000
[ 1.5  4.5  7.5 10.5 13.5]
200119.0
924/1000
[ 1.5  4.5  7.5 10.5 13.5]
199649.0
925/1000
[ 1.5  4.5  7.5 10.5 13.5]
200570.0
926/1000
[ 1.5  4.5  7.5 10.5 13.5]
200548.0
927/1000
[ 1.5  4.5  7.5 10.5 13.5]
199794.0
928/1000
[ 1.5  4.5  7.5 10.5 13.5]
199778.0
929/1000
[ 1.5  4.5  7.5 10.5 13.5]
199782.0
930/1000
[ 1.5  4.5  7.5 10.5 13.5]
198939.0
931/1000
[ 1.5  4.5  7.5 10.5 13.5]
200236.0
932/1000
[ 1.5  4.5  7.5 10.5 13.5]
199639.0
933/1000
[ 1.5  4.5  7.5 10.5 13.5]
199304.0
934/1000
[ 1.5  4.5  7.5 10.5 13.5]
200095.0
935/1000
[ 1.5  4.5  7.5 10.5 13.5]
199976.0
936/1000
[ 1.5  4.5  7.5 10.5 13.5]
199552.0
937/1000
[ 1.5  4.5  7.5 10.5 13.5]
199907.0
938/1000
[ 1.5  4.5  7.5 10.5 13.5]
200336.0
939/1000
[ 1.5  4.5  7.5 10.5 13.5]
199937.0
940/1000
[ 1.5  4.5  7.5 10.5 13.5]
199708.0
941/1000
[ 1.5  4.5  7.5 10.5 13.5]
200955.0
942/1000
[ 1.5  4.5  7.5 10.5 13.5]
200025.0
943/1000
[ 1.5  4.5  7.5 10.5 13.5]
200029.0
944/1000
[ 1.5  4.5  7.5 10.5 13.5]
200236.0
945/1000
[ 1.5  4.5  7.5 10.5 13.5]
199521.0
946/1000
[ 1.5  4.5  7.5 10.5 13.5]
199737.0
947/1000
[ 1.5  4.5  7.5 10.5 13.5]
200766.0
948/1000
[ 1.5  4.5  7.5 10.5 13.5]
200364.0
949/1000
[ 1.5  4.5  7.5 10.5 13.5]
199397.0
950/1000
[ 1.5  4.5  7.5 10.5 13.5]
199842.0
951/1000
[ 1.5  4.5  7.5 10.5 13.5]
200324.0
952/1000
[ 1.5  4.5  7.5 10.5 13.5]
200342.0
953/1000
[ 1.5  4.5  7.5 10.5 13.5]
199668.0
954/1000
[ 1.5  4.5  7.5 10.5 13.5]
200305.0
955/1000
[ 1.5  4.5  7.5 10.5 13.5]
200409.0
956/1000
[ 1.5  4.5  7.5 10.5 13.5]
199655.0
957/1000
[ 1.5  4.5  7.5 10.5 13.5]
199542.0
958/1000
[ 1.5  4.5  7.5 10.5 13.5]
200095.0
959/1000
[ 1.5  4.5  7.5 10.5 13.5]
200187.0
960/1000
[ 1.5  4.5  7.5 10.5 13.5]
199764.0
961/1000
[ 1.5  4.5  7.5 10.5 13.5]
200484.0
962/1000
[ 1.5  4.5  7.5 10.5 13.5]
199909.0
963/1000
[ 1.5  4.5  7.5 10.5 13.5]
200362.0
964/1000
[ 1.5  4.5  7.5 10.5 13.5]
200001.0
965/1000
[ 1.5  4.5  7.5 10.5 13.5]
199603.0
966/1000
[ 1.5  4.5  7.5 10.5 13.5]
199878.0
967/1000
[ 1.5  4.5  7.5 10.5 13.5]
199086.0
968/1000
[ 1.5  4.5  7.5 10.5 13.5]
199876.0
969/1000
[ 1.5  4.5  7.5 10.5 13.5]
199281.0
970/1000
[ 1.5  4.5  7.5 10.5 13.5]
200163.0
971/1000
[ 1.5  4.5  7.5 10.5 13.5]
199382.0
972/1000
[ 1.5  4.5  7.5 10.5 13.5]
199950.0
973/1000
[ 1.5  4.5  7.5 10.5 13.5]
199708.0
974/1000
[ 1.5  4.5  7.5 10.5 13.5]
200378.0
975/1000
[ 1.5  4.5  7.5 10.5 13.5]
199930.0
976/1000
[ 1.5  4.5  7.5 10.5 13.5]
199684.0
977/1000
[ 1.5  4.5  7.5 10.5 13.5]
200856.0
978/1000
[ 1.5  4.5  7.5 10.5 13.5]
200157.0
979/1000
[ 1.5  4.5  7.5 10.5 13.5]
200209.0
980/1000
[ 1.5  4.5  7.5 10.5 13.5]
199535.0
981/1000
[ 1.5  4.5  7.5 10.5 13.5]
200588.0
982/1000
[ 1.5  4.5  7.5 10.5 13.5]
200762.0
983/1000
[ 1.5  4.5  7.5 10.5 13.5]
199613.0
984/1000
[ 1.5  4.5  7.5 10.5 13.5]
199856.0
985/1000
[ 1.5  4.5  7.5 10.5 13.5]
200434.0
986/1000
[ 1.5  4.5  7.5 10.5 13.5]
200404.0
987/1000
[ 1.5  4.5  7.5 10.5 13.5]
200248.0
988/1000
[ 1.5  4.5  7.5 10.5 13.5]
200297.0
989/1000
[ 1.5  4.5  7.5 10.5 13.5]
200845.0
990/1000
[ 1.5  4.5  7.5 10.5 13.5]
200247.0
991/1000
[ 1.5  4.5  7.5 10.5 13.5]
199883.0
992/1000
[ 1.5  4.5  7.5 10.5 13.5]
200396.0
993/1000
[ 1.5  4.5  7.5 10.5 13.5]
199571.0
994/1000
[ 1.5  4.5  7.5 10.5 13.5]
200050.99999999997
995/1000
[ 1.5  4.5  7.5 10.5 13.5]
199915.0
996/1000
[ 1.5  4.5  7.5 10.5 13.5]
200177.0
997/1000
[ 1.5  4.5  7.5 10.5 13.5]
199644.0
998/1000
[ 1.5  4.5  7.5 10.5 13.5]
199660.0
999/1000
[ 1.5  4.5  7.5 10.5 13.5]
199027.0
1000/1000
[ 1.5  4.5  7.5 10.5 13.5]
199998.0
Done.
