Starting sim # 5
Loaded rubin/sw/tag/w_2023_27/loadLSST.bash
1/1000
[ 1.5  4.5  7.5 10.5 13.5]
600793.0
2/1000
[ 1.5  4.5  7.5 10.5 13.5]
600587.0
3/1000
[ 1.5  4.5  7.5 10.5 13.5]
598996.0
4/1000
[ 1.5  4.5  7.5 10.5 13.5]
600429.0
5/1000
[ 1.5  4.5  7.5 10.5 13.5]
601143.0
6/1000
[ 1.5  4.5  7.5 10.5 13.5]
599148.0
7/1000
[ 1.5  4.5  7.5 10.5 13.5]
598908.0
8/1000
[ 1.5  4.5  7.5 10.5 13.5]
599631.0
9/1000
[ 1.5  4.5  7.5 10.5 13.5]
599948.0
10/1000
[ 1.5  4.5  7.5 10.5 13.5]
600679.0
11/1000
[ 1.5  4.5  7.5 10.5 13.5]
599826.0
12/1000
[ 1.5  4.5  7.5 10.5 13.5]
599850.0
13/1000
[ 1.5  4.5  7.5 10.5 13.5]
599572.0
14/1000
[ 1.5  4.5  7.5 10.5 13.5]
599792.0
15/1000
[ 1.5  4.5  7.5 10.5 13.5]
601061.0
16/1000
[ 1.5  4.5  7.5 10.5 13.5]
598608.9999999999
17/1000
[ 1.5  4.5  7.5 10.5 13.5]
600271.0
18/1000
[ 1.5  4.5  7.5 10.5 13.5]
599038.0
19/1000
[ 1.5  4.5  7.5 10.5 13.5]
599407.0
20/1000
[ 1.5  4.5  7.5 10.5 13.5]
599678.0
21/1000
[ 1.5  4.5  7.5 10.5 13.5]
599556.0
22/1000
[ 1.5  4.5  7.5 10.5 13.5]
601010.0
23/1000
[ 1.5  4.5  7.5 10.5 13.5]
599988.0
24/1000
[ 1.5  4.5  7.5 10.5 13.5]
600791.0
25/1000
[ 1.5  4.5  7.5 10.5 13.5]
598403.0
26/1000
[ 1.5  4.5  7.5 10.5 13.5]
601345.0
27/1000
[ 1.5  4.5  7.5 10.5 13.5]
600684.0
28/1000
[ 1.5  4.5  7.5 10.5 13.5]
600107.0
29/1000
[ 1.5  4.5  7.5 10.5 13.5]
599289.0
30/1000
[ 1.5  4.5  7.5 10.5 13.5]
599176.0
31/1000
[ 1.5  4.5  7.5 10.5 13.5]
600462.0
32/1000
[ 1.5  4.5  7.5 10.5 13.5]
599751.0
33/1000
[ 1.5  4.5  7.5 10.5 13.5]
599839.0
34/1000
[ 1.5  4.5  7.5 10.5 13.5]
599350.0
35/1000
[ 1.5  4.5  7.5 10.5 13.5]
599307.0
36/1000
[ 1.5  4.5  7.5 10.5 13.5]
600202.0
37/1000
[ 1.5  4.5  7.5 10.5 13.5]
600303.0
38/1000
[ 1.5  4.5  7.5 10.5 13.5]
600323.0
39/1000
[ 1.5  4.5  7.5 10.5 13.5]
599966.0
40/1000
[ 1.5  4.5  7.5 10.5 13.5]
599883.0
41/1000
[ 1.5  4.5  7.5 10.5 13.5]
599334.0
42/1000
[ 1.5  4.5  7.5 10.5 13.5]
600665.0
43/1000
[ 1.5  4.5  7.5 10.5 13.5]
601113.0
44/1000
[ 1.5  4.5  7.5 10.5 13.5]
600253.0
45/1000
[ 1.5  4.5  7.5 10.5 13.5]
599864.0
46/1000
[ 1.5  4.5  7.5 10.5 13.5]
599252.0
47/1000
[ 1.5  4.5  7.5 10.5 13.5]
600216.0
48/1000
[ 1.5  4.5  7.5 10.5 13.5]
601742.0
49/1000
[ 1.5  4.5  7.5 10.5 13.5]
599455.0
50/1000
[ 1.5  4.5  7.5 10.5 13.5]
598972.0
51/1000
[ 1.5  4.5  7.5 10.5 13.5]
599302.0
52/1000
[ 1.5  4.5  7.5 10.5 13.5]
599995.0
53/1000
[ 1.5  4.5  7.5 10.5 13.5]
599604.0
54/1000
[ 1.5  4.5  7.5 10.5 13.5]
600841.0
55/1000
[ 1.5  4.5  7.5 10.5 13.5]
599707.0
56/1000
[ 1.5  4.5  7.5 10.5 13.5]
598788.0
57/1000
[ 1.5  4.5  7.5 10.5 13.5]
599035.0
58/1000
[ 1.5  4.5  7.5 10.5 13.5]
600150.0
59/1000
[ 1.5  4.5  7.5 10.5 13.5]
600913.0
60/1000
[ 1.5  4.5  7.5 10.5 13.5]
600164.0
61/1000
[ 1.5  4.5  7.5 10.5 13.5]
601171.0
62/1000
[ 1.5  4.5  7.5 10.5 13.5]
599442.0
63/1000
[ 1.5  4.5  7.5 10.5 13.5]
599387.0
64/1000
[ 1.5  4.5  7.5 10.5 13.5]
599303.0
65/1000
[ 1.5  4.5  7.5 10.5 13.5]
600429.0
66/1000
[ 1.5  4.5  7.5 10.5 13.5]
600149.0
67/1000
[ 1.5  4.5  7.5 10.5 13.5]
599742.0
68/1000
[ 1.5  4.5  7.5 10.5 13.5]
600354.0
69/1000
[ 1.5  4.5  7.5 10.5 13.5]
600369.0
70/1000
[ 1.5  4.5  7.5 10.5 13.5]
599640.0
71/1000
[ 1.5  4.5  7.5 10.5 13.5]
598294.0
72/1000
[ 1.5  4.5  7.5 10.5 13.5]
598654.0
73/1000
[ 1.5  4.5  7.5 10.5 13.5]
600850.0
74/1000
[ 1.5  4.5  7.5 10.5 13.5]
599766.0
75/1000
[ 1.5  4.5  7.5 10.5 13.5]
600477.0
76/1000
[ 1.5  4.5  7.5 10.5 13.5]
601727.0
77/1000
[ 1.5  4.5  7.5 10.5 13.5]
600320.0
78/1000
[ 1.5  4.5  7.5 10.5 13.5]
600503.0
79/1000
[ 1.5  4.5  7.5 10.5 13.5]
599160.0
80/1000
[ 1.5  4.5  7.5 10.5 13.5]
599557.0
81/1000
[ 1.5  4.5  7.5 10.5 13.5]
600232.0
82/1000
[ 1.5  4.5  7.5 10.5 13.5]
600559.0
83/1000
[ 1.5  4.5  7.5 10.5 13.5]
601126.0
84/1000
[ 1.5  4.5  7.5 10.5 13.5]
600350.0
85/1000
[ 1.5  4.5  7.5 10.5 13.5]
599180.0
86/1000
[ 1.5  4.5  7.5 10.5 13.5]
599950.0
87/1000
[ 1.5  4.5  7.5 10.5 13.5]
598527.0
88/1000
[ 1.5  4.5  7.5 10.5 13.5]
600054.0
89/1000
[ 1.5  4.5  7.5 10.5 13.5]
600738.0
90/1000
[ 1.5  4.5  7.5 10.5 13.5]
600713.0
91/1000
[ 1.5  4.5  7.5 10.5 13.5]
599565.0
92/1000
[ 1.5  4.5  7.5 10.5 13.5]
600434.0
93/1000
[ 1.5  4.5  7.5 10.5 13.5]
600136.0
94/1000
[ 1.5  4.5  7.5 10.5 13.5]
601120.0
95/1000
[ 1.5  4.5  7.5 10.5 13.5]
600167.0
96/1000
[ 1.5  4.5  7.5 10.5 13.5]
600582.0
97/1000
[ 1.5  4.5  7.5 10.5 13.5]
598891.0
98/1000
[ 1.5  4.5  7.5 10.5 13.5]
599137.0
99/1000
[ 1.5  4.5  7.5 10.5 13.5]
600047.0
100/1000
[ 1.5  4.5  7.5 10.5 13.5]
599932.0
101/1000
[ 1.5  4.5  7.5 10.5 13.5]
600753.0
102/1000
[ 1.5  4.5  7.5 10.5 13.5]
600087.0
103/1000
[ 1.5  4.5  7.5 10.5 13.5]
599411.0
104/1000
[ 1.5  4.5  7.5 10.5 13.5]
601522.0
105/1000
[ 1.5  4.5  7.5 10.5 13.5]
600643.0
106/1000
[ 1.5  4.5  7.5 10.5 13.5]
599780.0
107/1000
[ 1.5  4.5  7.5 10.5 13.5]
599299.0
108/1000
[ 1.5  4.5  7.5 10.5 13.5]
600040.0
109/1000
[ 1.5  4.5  7.5 10.5 13.5]
601095.0
110/1000
[ 1.5  4.5  7.5 10.5 13.5]
600703.0
111/1000
[ 1.5  4.5  7.5 10.5 13.5]
599895.0
112/1000
[ 1.5  4.5  7.5 10.5 13.5]
600701.0
113/1000
[ 1.5  4.5  7.5 10.5 13.5]
598766.0
114/1000
[ 1.5  4.5  7.5 10.5 13.5]
599087.0
115/1000
[ 1.5  4.5  7.5 10.5 13.5]
601979.0
116/1000
[ 1.5  4.5  7.5 10.5 13.5]
599996.0
117/1000
[ 1.5  4.5  7.5 10.5 13.5]
599738.0
118/1000
[ 1.5  4.5  7.5 10.5 13.5]
600439.0
119/1000
[ 1.5  4.5  7.5 10.5 13.5]
599162.0
120/1000
[ 1.5  4.5  7.5 10.5 13.5]
599923.0
121/1000
[ 1.5  4.5  7.5 10.5 13.5]
600303.0
122/1000
[ 1.5  4.5  7.5 10.5 13.5]
600908.0
123/1000
[ 1.5  4.5  7.5 10.5 13.5]
597857.0
124/1000
[ 1.5  4.5  7.5 10.5 13.5]
601023.0
125/1000
[ 1.5  4.5  7.5 10.5 13.5]
601479.0
126/1000
[ 1.5  4.5  7.5 10.5 13.5]
600760.0
127/1000
[ 1.5  4.5  7.5 10.5 13.5]
600593.0
128/1000
[ 1.5  4.5  7.5 10.5 13.5]
600767.0
129/1000
[ 1.5  4.5  7.5 10.5 13.5]
600643.0
130/1000
[ 1.5  4.5  7.5 10.5 13.5]
600007.0
131/1000
[ 1.5  4.5  7.5 10.5 13.5]
600506.0
132/1000
[ 1.5  4.5  7.5 10.5 13.5]
599915.0
133/1000
[ 1.5  4.5  7.5 10.5 13.5]
599819.0
134/1000
[ 1.5  4.5  7.5 10.5 13.5]
600089.0
135/1000
[ 1.5  4.5  7.5 10.5 13.5]
600516.0
136/1000
[ 1.5  4.5  7.5 10.5 13.5]
599366.0
137/1000
[ 1.5  4.5  7.5 10.5 13.5]
600843.0
138/1000
[ 1.5  4.5  7.5 10.5 13.5]
600425.0
139/1000
[ 1.5  4.5  7.5 10.5 13.5]
598604.0
140/1000
[ 1.5  4.5  7.5 10.5 13.5]
599555.0
141/1000
[ 1.5  4.5  7.5 10.5 13.5]
600639.0
142/1000
[ 1.5  4.5  7.5 10.5 13.5]
600685.0
143/1000
[ 1.5  4.5  7.5 10.5 13.5]
600635.0
144/1000
[ 1.5  4.5  7.5 10.5 13.5]
599381.0
145/1000
[ 1.5  4.5  7.5 10.5 13.5]
600084.0
146/1000
[ 1.5  4.5  7.5 10.5 13.5]
598845.0
147/1000
[ 1.5  4.5  7.5 10.5 13.5]
600999.0
148/1000
[ 1.5  4.5  7.5 10.5 13.5]
598914.0
149/1000
[ 1.5  4.5  7.5 10.5 13.5]
600571.0
150/1000
[ 1.5  4.5  7.5 10.5 13.5]
599064.0
151/1000
[ 1.5  4.5  7.5 10.5 13.5]
600695.0
152/1000
[ 1.5  4.5  7.5 10.5 13.5]
600559.0
153/1000
[ 1.5  4.5  7.5 10.5 13.5]
599953.0
154/1000
[ 1.5  4.5  7.5 10.5 13.5]
599657.0
155/1000
[ 1.5  4.5  7.5 10.5 13.5]
600630.0
156/1000
[ 1.5  4.5  7.5 10.5 13.5]
600931.0
157/1000
[ 1.5  4.5  7.5 10.5 13.5]
599381.0
158/1000
[ 1.5  4.5  7.5 10.5 13.5]
600057.0
159/1000
[ 1.5  4.5  7.5 10.5 13.5]
600893.9999999999
160/1000
[ 1.5  4.5  7.5 10.5 13.5]
600514.0
161/1000
[ 1.5  4.5  7.5 10.5 13.5]
601261.0
162/1000
[ 1.5  4.5  7.5 10.5 13.5]
598834.0
163/1000
[ 1.5  4.5  7.5 10.5 13.5]
600745.0
164/1000
[ 1.5  4.5  7.5 10.5 13.5]
599151.0
165/1000
[ 1.5  4.5  7.5 10.5 13.5]
600091.0
166/1000
[ 1.5  4.5  7.5 10.5 13.5]
599119.0
167/1000
[ 1.5  4.5  7.5 10.5 13.5]
600042.0
168/1000
[ 1.5  4.5  7.5 10.5 13.5]
599756.0
169/1000
[ 1.5  4.5  7.5 10.5 13.5]
600395.0
170/1000
[ 1.5  4.5  7.5 10.5 13.5]
601132.0
171/1000
[ 1.5  4.5  7.5 10.5 13.5]
599907.0
172/1000
[ 1.5  4.5  7.5 10.5 13.5]
599591.0
173/1000
[ 1.5  4.5  7.5 10.5 13.5]
601294.0
174/1000
[ 1.5  4.5  7.5 10.5 13.5]
601404.0
175/1000
[ 1.5  4.5  7.5 10.5 13.5]
599076.0
176/1000
[ 1.5  4.5  7.5 10.5 13.5]
600078.0
177/1000
[ 1.5  4.5  7.5 10.5 13.5]
600513.0
178/1000
[ 1.5  4.5  7.5 10.5 13.5]
600181.0
179/1000
[ 1.5  4.5  7.5 10.5 13.5]
599571.0
180/1000
[ 1.5  4.5  7.5 10.5 13.5]
600644.0
181/1000
[ 1.5  4.5  7.5 10.5 13.5]
600109.0
182/1000
[ 1.5  4.5  7.5 10.5 13.5]
599160.0
183/1000
[ 1.5  4.5  7.5 10.5 13.5]
598795.0
184/1000
[ 1.5  4.5  7.5 10.5 13.5]
598849.0
