Starting sim # 0
Loaded rubin/sw/tag/w_2023_27/loadLSST.bash
1/1000
[ 1.5  4.5  7.5 10.5 13.5]
1000618.0
2/1000
[ 1.5  4.5  7.5 10.5 13.5]
1000776.0
3/1000
[ 1.5  4.5  7.5 10.5 13.5]
1001076.0
4/1000
[ 1.5  4.5  7.5 10.5 13.5]
1000844.0
5/1000
[ 1.5  4.5  7.5 10.5 13.5]
1000182.0
6/1000
[ 1.5  4.5  7.5 10.5 13.5]
1000791.0
7/1000
[ 1.5  4.5  7.5 10.5 13.5]
999590.0
8/1000
[ 1.5  4.5  7.5 10.5 13.5]
1000680.0
9/1000
[ 1.5  4.5  7.5 10.5 13.5]
1001328.0
10/1000
[ 1.5  4.5  7.5 10.5 13.5]
1000131.0
11/1000
[ 1.5  4.5  7.5 10.5 13.5]
1000767.0
12/1000
[ 1.5  4.5  7.5 10.5 13.5]
1001006.0
13/1000
[ 1.5  4.5  7.5 10.5 13.5]
997822.0
14/1000
[ 1.5  4.5  7.5 10.5 13.5]
997185.0
15/1000
[ 1.5  4.5  7.5 10.5 13.5]
1000909.0
16/1000
[ 1.5  4.5  7.5 10.5 13.5]
997773.0
17/1000
[ 1.5  4.5  7.5 10.5 13.5]
1000011.0
18/1000
[ 1.5  4.5  7.5 10.5 13.5]
1000391.0
19/1000
[ 1.5  4.5  7.5 10.5 13.5]
1000315.0
20/1000
[ 1.5  4.5  7.5 10.5 13.5]
1000620.0
21/1000
[ 1.5  4.5  7.5 10.5 13.5]
999543.0
22/1000
[ 1.5  4.5  7.5 10.5 13.5]
1000129.0
23/1000
[ 1.5  4.5  7.5 10.5 13.5]
998002.0
24/1000
[ 1.5  4.5  7.5 10.5 13.5]
998955.0
25/1000
[ 1.5  4.5  7.5 10.5 13.5]
1001460.0
26/1000
[ 1.5  4.5  7.5 10.5 13.5]
1000399.0
27/1000
[ 1.5  4.5  7.5 10.5 13.5]
999005.0
28/1000
[ 1.5  4.5  7.5 10.5 13.5]
1000811.0
29/1000
[ 1.5  4.5  7.5 10.5 13.5]
1000106.0
30/1000
[ 1.5  4.5  7.5 10.5 13.5]
999091.0
31/1000
[ 1.5  4.5  7.5 10.5 13.5]
1003187.0
32/1000
[ 1.5  4.5  7.5 10.5 13.5]
999160.0
33/1000
[ 1.5  4.5  7.5 10.5 13.5]
999940.0
34/1000
[ 1.5  4.5  7.5 10.5 13.5]
1000372.0
35/1000
[ 1.5  4.5  7.5 10.5 13.5]
999726.0
36/1000
[ 1.5  4.5  7.5 10.5 13.5]
1000004.0
37/1000
[ 1.5  4.5  7.5 10.5 13.5]
999982.0
38/1000
[ 1.5  4.5  7.5 10.5 13.5]
997683.0
39/1000
[ 1.5  4.5  7.5 10.5 13.5]
1000164.0
40/1000
[ 1.5  4.5  7.5 10.5 13.5]
999313.0
41/1000
[ 1.5  4.5  7.5 10.5 13.5]
999447.0
42/1000
[ 1.5  4.5  7.5 10.5 13.5]
1000426.0
43/1000
[ 1.5  4.5  7.5 10.5 13.5]
999325.0
44/1000
[ 1.5  4.5  7.5 10.5 13.5]
999187.0
45/1000
[ 1.5  4.5  7.5 10.5 13.5]
1000478.0
46/1000
[ 1.5  4.5  7.5 10.5 13.5]
999782.0
47/1000
[ 1.5  4.5  7.5 10.5 13.5]
1000983.0
48/1000
[ 1.5  4.5  7.5 10.5 13.5]
1000504.0
49/1000
[ 1.5  4.5  7.5 10.5 13.5]
998543.0
50/1000
[ 1.5  4.5  7.5 10.5 13.5]
1000230.0
51/1000
[ 1.5  4.5  7.5 10.5 13.5]
999900.0
52/1000
[ 1.5  4.5  7.5 10.5 13.5]
999940.0
53/1000
[ 1.5  4.5  7.5 10.5 13.5]
1001819.0
54/1000
[ 1.5  4.5  7.5 10.5 13.5]
998702.0
55/1000
[ 1.5  4.5  7.5 10.5 13.5]
999964.0
56/1000
[ 1.5  4.5  7.5 10.5 13.5]
1000515.0
57/1000
[ 1.5  4.5  7.5 10.5 13.5]
1000370.0
58/1000
[ 1.5  4.5  7.5 10.5 13.5]
998976.0
59/1000
[ 1.5  4.5  7.5 10.5 13.5]
999132.0
60/1000
[ 1.5  4.5  7.5 10.5 13.5]
998232.0
61/1000
[ 1.5  4.5  7.5 10.5 13.5]
1000861.0
62/1000
[ 1.5  4.5  7.5 10.5 13.5]
998148.0
63/1000
[ 1.5  4.5  7.5 10.5 13.5]
1000421.0
64/1000
[ 1.5  4.5  7.5 10.5 13.5]
999342.0
65/1000
[ 1.5  4.5  7.5 10.5 13.5]
1001341.0
66/1000
[ 1.5  4.5  7.5 10.5 13.5]
1000677.0
67/1000
[ 1.5  4.5  7.5 10.5 13.5]
999037.0
68/1000
[ 1.5  4.5  7.5 10.5 13.5]
1001231.0
69/1000
[ 1.5  4.5  7.5 10.5 13.5]
999827.0
70/1000
[ 1.5  4.5  7.5 10.5 13.5]
1000028.0
71/1000
[ 1.5  4.5  7.5 10.5 13.5]
999555.0
72/1000
[ 1.5  4.5  7.5 10.5 13.5]
999832.0
73/1000
[ 1.5  4.5  7.5 10.5 13.5]
1000045.0
74/1000
[ 1.5  4.5  7.5 10.5 13.5]
1000253.0
75/1000
[ 1.5  4.5  7.5 10.5 13.5]
1002317.0
76/1000
[ 1.5  4.5  7.5 10.5 13.5]
1000131.0
77/1000
[ 1.5  4.5  7.5 10.5 13.5]
999547.0
78/1000
[ 1.5  4.5  7.5 10.5 13.5]
998629.0
79/1000
[ 1.5  4.5  7.5 10.5 13.5]
1000178.0
80/1000
[ 1.5  4.5  7.5 10.5 13.5]
999274.0
81/1000
[ 1.5  4.5  7.5 10.5 13.5]
999711.0
82/1000
[ 1.5  4.5  7.5 10.5 13.5]
1002117.0
83/1000
[ 1.5  4.5  7.5 10.5 13.5]
1001106.0
84/1000
[ 1.5  4.5  7.5 10.5 13.5]
1000186.0
85/1000
[ 1.5  4.5  7.5 10.5 13.5]
1001587.0
86/1000
[ 1.5  4.5  7.5 10.5 13.5]
999497.0
87/1000
[ 1.5  4.5  7.5 10.5 13.5]
999254.0
88/1000
[ 1.5  4.5  7.5 10.5 13.5]
1001621.0
89/1000
[ 1.5  4.5  7.5 10.5 13.5]
999345.0
90/1000
[ 1.5  4.5  7.5 10.5 13.5]
999147.0
91/1000
[ 1.5  4.5  7.5 10.5 13.5]
1000680.0
92/1000
[ 1.5  4.5  7.5 10.5 13.5]
999992.0
93/1000
[ 1.5  4.5  7.5 10.5 13.5]
999498.0
94/1000
[ 1.5  4.5  7.5 10.5 13.5]
1000226.0
95/1000
[ 1.5  4.5  7.5 10.5 13.5]
1000085.0
96/1000
[ 1.5  4.5  7.5 10.5 13.5]
999440.0
97/1000
[ 1.5  4.5  7.5 10.5 13.5]
999944.0
98/1000
[ 1.5  4.5  7.5 10.5 13.5]
999500.0
99/1000
[ 1.5  4.5  7.5 10.5 13.5]
999686.0
100/1000
[ 1.5  4.5  7.5 10.5 13.5]
999123.0
101/1000
[ 1.5  4.5  7.5 10.5 13.5]
1000247.0
102/1000
[ 1.5  4.5  7.5 10.5 13.5]
1001337.0
103/1000
[ 1.5  4.5  7.5 10.5 13.5]
998299.0
104/1000
[ 1.5  4.5  7.5 10.5 13.5]
1000126.0
105/1000
[ 1.5  4.5  7.5 10.5 13.5]
999366.0
106/1000
[ 1.5  4.5  7.5 10.5 13.5]
1000240.0
107/1000
[ 1.5  4.5  7.5 10.5 13.5]
999259.0
108/1000
[ 1.5  4.5  7.5 10.5 13.5]
1000299.0
109/1000
[ 1.5  4.5  7.5 10.5 13.5]
999201.0
110/1000
[ 1.5  4.5  7.5 10.5 13.5]
1000698.0
111/1000
[ 1.5  4.5  7.5 10.5 13.5]
999489.0
112/1000
[ 1.5  4.5  7.5 10.5 13.5]
1000650.0
113/1000
[ 1.5  4.5  7.5 10.5 13.5]
999551.0
114/1000
[ 1.5  4.5  7.5 10.5 13.5]
998197.0
115/1000
[ 1.5  4.5  7.5 10.5 13.5]
999364.0
116/1000
[ 1.5  4.5  7.5 10.5 13.5]
1000303.0
117/1000
[ 1.5  4.5  7.5 10.5 13.5]
999250.0
118/1000
[ 1.5  4.5  7.5 10.5 13.5]
1000356.0
119/1000
[ 1.5  4.5  7.5 10.5 13.5]
1000387.0
120/1000
[ 1.5  4.5  7.5 10.5 13.5]
999834.0
121/1000
[ 1.5  4.5  7.5 10.5 13.5]
1000879.0
122/1000
[ 1.5  4.5  7.5 10.5 13.5]
998651.0
123/1000
[ 1.5  4.5  7.5 10.5 13.5]
1000742.0
124/1000
[ 1.5  4.5  7.5 10.5 13.5]
999921.0
125/1000
[ 1.5  4.5  7.5 10.5 13.5]
998560.0
126/1000
[ 1.5  4.5  7.5 10.5 13.5]
1000880.0
127/1000
[ 1.5  4.5  7.5 10.5 13.5]
1000090.0
128/1000
[ 1.5  4.5  7.5 10.5 13.5]
999481.0
129/1000
[ 1.5  4.5  7.5 10.5 13.5]
1000943.0
130/1000
[ 1.5  4.5  7.5 10.5 13.5]
1000727.0
131/1000
[ 1.5  4.5  7.5 10.5 13.5]
999945.0
132/1000
[ 1.5  4.5  7.5 10.5 13.5]
999405.0
133/1000
[ 1.5  4.5  7.5 10.5 13.5]
999969.0
134/1000
[ 1.5  4.5  7.5 10.5 13.5]
999981.0
135/1000
[ 1.5  4.5  7.5 10.5 13.5]
999786.0
136/1000
[ 1.5  4.5  7.5 10.5 13.5]
999746.0
137/1000
[ 1.5  4.5  7.5 10.5 13.5]
999856.0
138/1000
[ 1.5  4.5  7.5 10.5 13.5]
999279.0
139/1000
[ 1.5  4.5  7.5 10.5 13.5]
999247.0
140/1000
[ 1.5  4.5  7.5 10.5 13.5]
998774.0
141/1000
[ 1.5  4.5  7.5 10.5 13.5]
999286.0
142/1000
[ 1.5  4.5  7.5 10.5 13.5]
1001352.0
143/1000
[ 1.5  4.5  7.5 10.5 13.5]
1000545.0
144/1000
[ 1.5  4.5  7.5 10.5 13.5]
1001107.0
145/1000
[ 1.5  4.5  7.5 10.5 13.5]
1000093.0
146/1000
[ 1.5  4.5  7.5 10.5 13.5]
1000734.0
147/1000
[ 1.5  4.5  7.5 10.5 13.5]
999892.0
148/1000
[ 1.5  4.5  7.5 10.5 13.5]
998505.0
149/1000
[ 1.5  4.5  7.5 10.5 13.5]
1000385.0
150/1000
[ 1.5  4.5  7.5 10.5 13.5]
998053.0
151/1000
[ 1.5  4.5  7.5 10.5 13.5]
999313.0
152/1000
[ 1.5  4.5  7.5 10.5 13.5]
1001565.0
153/1000
[ 1.5  4.5  7.5 10.5 13.5]
999196.0
154/1000
[ 1.5  4.5  7.5 10.5 13.5]
1000309.0
155/1000
[ 1.5  4.5  7.5 10.5 13.5]
1001377.0
156/1000
[ 1.5  4.5  7.5 10.5 13.5]
999659.0
157/1000
[ 1.5  4.5  7.5 10.5 13.5]
1001798.0
158/1000
[ 1.5  4.5  7.5 10.5 13.5]
999322.0
159/1000
[ 1.5  4.5  7.5 10.5 13.5]
999098.0
160/1000
[ 1.5  4.5  7.5 10.5 13.5]
1000331.0
161/1000
[ 1.5  4.5  7.5 10.5 13.5]
1000076.0
162/1000
[ 1.5  4.5  7.5 10.5 13.5]
1001247.0
163/1000
[ 1.5  4.5  7.5 10.5 13.5]
1000601.0
164/1000
[ 1.5  4.5  7.5 10.5 13.5]
999400.0
165/1000
[ 1.5  4.5  7.5 10.5 13.5]
999782.0
166/1000
[ 1.5  4.5  7.5 10.5 13.5]
1000757.0
167/1000
[ 1.5  4.5  7.5 10.5 13.5]
999220.0
168/1000
[ 1.5  4.5  7.5 10.5 13.5]
1000061.0
169/1000
[ 1.5  4.5  7.5 10.5 13.5]
999642.0
170/1000
[ 1.5  4.5  7.5 10.5 13.5]
999538.0
171/1000
[ 1.5  4.5  7.5 10.5 13.5]
1000645.0
172/1000
[ 1.5  4.5  7.5 10.5 13.5]
999137.0
173/1000
[ 1.5  4.5  7.5 10.5 13.5]
1000735.0
174/1000
[ 1.5  4.5  7.5 10.5 13.5]
1000551.0
175/1000
[ 1.5  4.5  7.5 10.5 13.5]
998356.0
176/1000
[ 1.5  4.5  7.5 10.5 13.5]
1000022.0
177/1000
[ 1.5  4.5  7.5 10.5 13.5]
999593.0
178/1000
[ 1.5  4.5  7.5 10.5 13.5]
1000295.0
179/1000
[ 1.5  4.5  7.5 10.5 13.5]
999217.0
180/1000
[ 1.5  4.5  7.5 10.5 13.5]
998196.0
181/1000
[ 1.5  4.5  7.5 10.5 13.5]
998781.0
182/1000
[ 1.5  4.5  7.5 10.5 13.5]
999680.0
183/1000
[ 1.5  4.5  7.5 10.5 13.5]
999611.0
184/1000
[ 1.5  4.5  7.5 10.5 13.5]
1000691.0
185/1000
[ 1.5  4.5  7.5 10.5 13.5]
1000909.0
186/1000
[ 1.5  4.5  7.5 10.5 13.5]
999486.0
187/1000
[ 1.5  4.5  7.5 10.5 13.5]
1000260.0
188/1000
[ 1.5  4.5  7.5 10.5 13.5]
998893.0
189/1000
[ 1.5  4.5  7.5 10.5 13.5]
998161.0
190/1000
[ 1.5  4.5  7.5 10.5 13.5]
1000310.0
191/1000
[ 1.5  4.5  7.5 10.5 13.5]
1000158.0
192/1000
[ 1.5  4.5  7.5 10.5 13.5]
1001454.0
193/1000
[ 1.5  4.5  7.5 10.5 13.5]
1001302.0
194/1000
[ 1.5  4.5  7.5 10.5 13.5]
1000642.0
195/1000
[ 1.5  4.5  7.5 10.5 13.5]
1001088.0
196/1000
[ 1.5  4.5  7.5 10.5 13.5]
999958.0
197/1000
[ 1.5  4.5  7.5 10.5 13.5]
999906.0
198/1000
[ 1.5  4.5  7.5 10.5 13.5]
999648.0
199/1000
[ 1.5  4.5  7.5 10.5 13.5]
1000795.0
200/1000
[ 1.5  4.5  7.5 10.5 13.5]
998843.0
201/1000
[ 1.5  4.5  7.5 10.5 13.5]
1000469.0
202/1000
[ 1.5  4.5  7.5 10.5 13.5]
998912.0
203/1000
[ 1.5  4.5  7.5 10.5 13.5]
1000613.0
204/1000
[ 1.5  4.5  7.5 10.5 13.5]
1000464.0
205/1000
[ 1.5  4.5  7.5 10.5 13.5]
999817.0
206/1000
[ 1.5  4.5  7.5 10.5 13.5]
1000700.0
207/1000
[ 1.5  4.5  7.5 10.5 13.5]
998889.0
208/1000
[ 1.5  4.5  7.5 10.5 13.5]
998993.0
209/1000
[ 1.5  4.5  7.5 10.5 13.5]
1000225.0
210/1000
[ 1.5  4.5  7.5 10.5 13.5]
999880.0
211/1000
[ 1.5  4.5  7.5 10.5 13.5]
1000450.0
212/1000
[ 1.5  4.5  7.5 10.5 13.5]
999633.0
213/1000
[ 1.5  4.5  7.5 10.5 13.5]
1000843.0
214/1000
[ 1.5  4.5  7.5 10.5 13.5]
999437.0
215/1000
[ 1.5  4.5  7.5 10.5 13.5]
1000252.0
216/1000
[ 1.5  4.5  7.5 10.5 13.5]
1000381.0
217/1000
[ 1.5  4.5  7.5 10.5 13.5]
999567.0
218/1000
[ 1.5  4.5  7.5 10.5 13.5]
1000577.0
219/1000
[ 1.5  4.5  7.5 10.5 13.5]
998504.0
220/1000
[ 1.5  4.5  7.5 10.5 13.5]
1000968.0
221/1000
[ 1.5  4.5  7.5 10.5 13.5]
999493.0
222/1000
[ 1.5  4.5  7.5 10.5 13.5]
999841.0
223/1000
[ 1.5  4.5  7.5 10.5 13.5]
1000666.0
224/1000
[ 1.5  4.5  7.5 10.5 13.5]
1000816.0
225/1000
[ 1.5  4.5  7.5 10.5 13.5]
999773.0
226/1000
[ 1.5  4.5  7.5 10.5 13.5]
1000546.0
227/1000
[ 1.5  4.5  7.5 10.5 13.5]
1001258.0
228/1000
[ 1.5  4.5  7.5 10.5 13.5]
1001082.0
229/1000
[ 1.5  4.5  7.5 10.5 13.5]
998435.0
230/1000
[ 1.5  4.5  7.5 10.5 13.5]
1001266.0
231/1000
[ 1.5  4.5  7.5 10.5 13.5]
1000491.0
232/1000
[ 1.5  4.5  7.5 10.5 13.5]
999467.0
233/1000
[ 1.5  4.5  7.5 10.5 13.5]
1000698.0
234/1000
[ 1.5  4.5  7.5 10.5 13.5]
1001781.0
235/1000
[ 1.5  4.5  7.5 10.5 13.5]
998795.0
236/1000
[ 1.5  4.5  7.5 10.5 13.5]
1000491.0
237/1000
[ 1.5  4.5  7.5 10.5 13.5]
999067.0
238/1000
[ 1.5  4.5  7.5 10.5 13.5]
999109.0
239/1000
[ 1.5  4.5  7.5 10.5 13.5]
1000274.0
240/1000
[ 1.5  4.5  7.5 10.5 13.5]
1001354.0
241/1000
[ 1.5  4.5  7.5 10.5 13.5]
1000443.0
242/1000
[ 1.5  4.5  7.5 10.5 13.5]
999894.0
243/1000
[ 1.5  4.5  7.5 10.5 13.5]
999345.0
244/1000
[ 1.5  4.5  7.5 10.5 13.5]
999288.0
245/1000
[ 1.5  4.5  7.5 10.5 13.5]
1000999.0
246/1000
[ 1.5  4.5  7.5 10.5 13.5]
999328.0
247/1000
[ 1.5  4.5  7.5 10.5 13.5]
1001565.0
248/1000
[ 1.5  4.5  7.5 10.5 13.5]
1000177.0
249/1000
[ 1.5  4.5  7.5 10.5 13.5]
999891.0
250/1000
[ 1.5  4.5  7.5 10.5 13.5]
1000001.0
251/1000
[ 1.5  4.5  7.5 10.5 13.5]
999082.0
252/1000
[ 1.5  4.5  7.5 10.5 13.5]
1000204.0
253/1000
[ 1.5  4.5  7.5 10.5 13.5]
999601.0
254/1000
[ 1.5  4.5  7.5 10.5 13.5]
1000414.0
255/1000
[ 1.5  4.5  7.5 10.5 13.5]
999880.0
256/1000
[ 1.5  4.5  7.5 10.5 13.5]
1000237.0
257/1000
[ 1.5  4.5  7.5 10.5 13.5]
1001666.0
258/1000
[ 1.5  4.5  7.5 10.5 13.5]
999128.0
259/1000
[ 1.5  4.5  7.5 10.5 13.5]
998735.0
260/1000
[ 1.5  4.5  7.5 10.5 13.5]
1000927.0
261/1000
[ 1.5  4.5  7.5 10.5 13.5]
999129.0
262/1000
[ 1.5  4.5  7.5 10.5 13.5]
999032.0
263/1000
[ 1.5  4.5  7.5 10.5 13.5]
998749.0
264/1000
[ 1.5  4.5  7.5 10.5 13.5]
999697.0
265/1000
[ 1.5  4.5  7.5 10.5 13.5]
1000489.0
266/1000
[ 1.5  4.5  7.5 10.5 13.5]
1000824.0
267/1000
[ 1.5  4.5  7.5 10.5 13.5]
1000142.0
268/1000
[ 1.5  4.5  7.5 10.5 13.5]
998286.0
269/1000
[ 1.5  4.5  7.5 10.5 13.5]
1000062.0
270/1000
[ 1.5  4.5  7.5 10.5 13.5]
999880.0
271/1000
[ 1.5  4.5  7.5 10.5 13.5]
998031.0
272/1000
[ 1.5  4.5  7.5 10.5 13.5]
999946.0
273/1000
[ 1.5  4.5  7.5 10.5 13.5]
999834.0
274/1000
[ 1.5  4.5  7.5 10.5 13.5]
1000572.0
275/1000
[ 1.5  4.5  7.5 10.5 13.5]
1000465.0
276/1000
[ 1.5  4.5  7.5 10.5 13.5]
1000886.0
277/1000
[ 1.5  4.5  7.5 10.5 13.5]
999892.0
278/1000
[ 1.5  4.5  7.5 10.5 13.5]
999757.0
279/1000
[ 1.5  4.5  7.5 10.5 13.5]
999874.0
280/1000
[ 1.5  4.5  7.5 10.5 13.5]
999133.0
281/1000
[ 1.5  4.5  7.5 10.5 13.5]
999791.0
282/1000
[ 1.5  4.5  7.5 10.5 13.5]
999261.0
283/1000
[ 1.5  4.5  7.5 10.5 13.5]
999079.0
284/1000
[ 1.5  4.5  7.5 10.5 13.5]
1000435.0
285/1000
[ 1.5  4.5  7.5 10.5 13.5]
1000356.0
286/1000
[ 1.5  4.5  7.5 10.5 13.5]
1002568.0
287/1000
[ 1.5  4.5  7.5 10.5 13.5]
998324.0
288/1000
[ 1.5  4.5  7.5 10.5 13.5]
999801.0
289/1000
[ 1.5  4.5  7.5 10.5 13.5]
1000009.0
290/1000
[ 1.5  4.5  7.5 10.5 13.5]
1000609.0
291/1000
[ 1.5  4.5  7.5 10.5 13.5]
999857.0
292/1000
[ 1.5  4.5  7.5 10.5 13.5]
1001194.0
293/1000
[ 1.5  4.5  7.5 10.5 13.5]
1000618.0
294/1000
[ 1.5  4.5  7.5 10.5 13.5]
998939.0
295/1000
[ 1.5  4.5  7.5 10.5 13.5]
1001448.0
296/1000
[ 1.5  4.5  7.5 10.5 13.5]
999273.0
297/1000
[ 1.5  4.5  7.5 10.5 13.5]
1000626.0
298/1000
[ 1.5  4.5  7.5 10.5 13.5]
1000043.0
299/1000
[ 1.5  4.5  7.5 10.5 13.5]
1001181.0
300/1000
[ 1.5  4.5  7.5 10.5 13.5]
997407.0
301/1000
[ 1.5  4.5  7.5 10.5 13.5]
999269.0
302/1000
[ 1.5  4.5  7.5 10.5 13.5]
1000261.0
303/1000
[ 1.5  4.5  7.5 10.5 13.5]
1001163.0
304/1000
[ 1.5  4.5  7.5 10.5 13.5]
1001044.0
305/1000
[ 1.5  4.5  7.5 10.5 13.5]
1000449.0
306/1000
[ 1.5  4.5  7.5 10.5 13.5]
1000479.0
307/1000
[ 1.5  4.5  7.5 10.5 13.5]
999213.0
308/1000
[ 1.5  4.5  7.5 10.5 13.5]
1001324.0
309/1000
[ 1.5  4.5  7.5 10.5 13.5]
1000142.0
310/1000
[ 1.5  4.5  7.5 10.5 13.5]
1000186.0
311/1000
[ 1.5  4.5  7.5 10.5 13.5]
999513.0
312/1000
[ 1.5  4.5  7.5 10.5 13.5]
1000352.0
313/1000
[ 1.5  4.5  7.5 10.5 13.5]
999076.0
314/1000
[ 1.5  4.5  7.5 10.5 13.5]
1000912.0
315/1000
[ 1.5  4.5  7.5 10.5 13.5]
1000174.0
316/1000
[ 1.5  4.5  7.5 10.5 13.5]
1000704.0
317/1000
[ 1.5  4.5  7.5 10.5 13.5]
998141.0
318/1000
[ 1.5  4.5  7.5 10.5 13.5]
1001214.0
319/1000
[ 1.5  4.5  7.5 10.5 13.5]
1000827.0
320/1000
[ 1.5  4.5  7.5 10.5 13.5]
1000988.0
321/1000
[ 1.5  4.5  7.5 10.5 13.5]
1000623.0
322/1000
[ 1.5  4.5  7.5 10.5 13.5]
1000927.0
323/1000
[ 1.5  4.5  7.5 10.5 13.5]
1000392.0
324/1000
[ 1.5  4.5  7.5 10.5 13.5]
1000103.0
325/1000
[ 1.5  4.5  7.5 10.5 13.5]
1000568.0
326/1000
[ 1.5  4.5  7.5 10.5 13.5]
1000481.0
327/1000
[ 1.5  4.5  7.5 10.5 13.5]
999314.0
328/1000
[ 1.5  4.5  7.5 10.5 13.5]
997472.0
329/1000
[ 1.5  4.5  7.5 10.5 13.5]
1001451.0
330/1000
[ 1.5  4.5  7.5 10.5 13.5]
1000716.0
331/1000
[ 1.5  4.5  7.5 10.5 13.5]
999460.0
332/1000
[ 1.5  4.5  7.5 10.5 13.5]
999752.0
333/1000
[ 1.5  4.5  7.5 10.5 13.5]
1000713.0
334/1000
[ 1.5  4.5  7.5 10.5 13.5]
999460.0
335/1000
[ 1.5  4.5  7.5 10.5 13.5]
1000863.0
336/1000
[ 1.5  4.5  7.5 10.5 13.5]
999695.0
337/1000
[ 1.5  4.5  7.5 10.5 13.5]
998532.0
338/1000
[ 1.5  4.5  7.5 10.5 13.5]
1000290.0
339/1000
[ 1.5  4.5  7.5 10.5 13.5]
1002064.0
340/1000
[ 1.5  4.5  7.5 10.5 13.5]
998892.0
341/1000
[ 1.5  4.5  7.5 10.5 13.5]
1000437.0
342/1000
[ 1.5  4.5  7.5 10.5 13.5]
1000973.0
343/1000
[ 1.5  4.5  7.5 10.5 13.5]
998905.0
344/1000
[ 1.5  4.5  7.5 10.5 13.5]
1000137.0
345/1000
[ 1.5  4.5  7.5 10.5 13.5]
999688.0
346/1000
[ 1.5  4.5  7.5 10.5 13.5]
1000373.0
347/1000
[ 1.5  4.5  7.5 10.5 13.5]
999183.0
348/1000
[ 1.5  4.5  7.5 10.5 13.5]
998556.0
349/1000
[ 1.5  4.5  7.5 10.5 13.5]
1000976.0
350/1000
[ 1.5  4.5  7.5 10.5 13.5]
1002001.0
351/1000
[ 1.5  4.5  7.5 10.5 13.5]
998813.0
352/1000
[ 1.5  4.5  7.5 10.5 13.5]
997954.0
353/1000
[ 1.5  4.5  7.5 10.5 13.5]
999243.0
354/1000
[ 1.5  4.5  7.5 10.5 13.5]
999221.0
355/1000
[ 1.5  4.5  7.5 10.5 13.5]
998762.0
356/1000
[ 1.5  4.5  7.5 10.5 13.5]
1000744.0
357/1000
[ 1.5  4.5  7.5 10.5 13.5]
999966.0
358/1000
[ 1.5  4.5  7.5 10.5 13.5]
1001609.0
359/1000
[ 1.5  4.5  7.5 10.5 13.5]
998720.0
360/1000
[ 1.5  4.5  7.5 10.5 13.5]
999408.0
361/1000
[ 1.5  4.5  7.5 10.5 13.5]
999707.0
362/1000
[ 1.5  4.5  7.5 10.5 13.5]
1001455.0
363/1000
[ 1.5  4.5  7.5 10.5 13.5]
1000217.0
364/1000
[ 1.5  4.5  7.5 10.5 13.5]
1000668.0
365/1000
[ 1.5  4.5  7.5 10.5 13.5]
999482.0
366/1000
[ 1.5  4.5  7.5 10.5 13.5]
1002429.0
367/1000
[ 1.5  4.5  7.5 10.5 13.5]
1001433.0
368/1000
[ 1.5  4.5  7.5 10.5 13.5]
998644.0
369/1000
[ 1.5  4.5  7.5 10.5 13.5]
1000737.0
370/1000
[ 1.5  4.5  7.5 10.5 13.5]
1000634.0
371/1000
[ 1.5  4.5  7.5 10.5 13.5]
1000942.0
372/1000
[ 1.5  4.5  7.5 10.5 13.5]
1002388.0
373/1000
[ 1.5  4.5  7.5 10.5 13.5]
1001409.0
374/1000
[ 1.5  4.5  7.5 10.5 13.5]
999309.0
375/1000
[ 1.5  4.5  7.5 10.5 13.5]
998589.0
376/1000
[ 1.5  4.5  7.5 10.5 13.5]
999477.0
377/1000
[ 1.5  4.5  7.5 10.5 13.5]
1000698.0
378/1000
[ 1.5  4.5  7.5 10.5 13.5]
1000923.0
379/1000
[ 1.5  4.5  7.5 10.5 13.5]
999848.0
380/1000
[ 1.5  4.5  7.5 10.5 13.5]
1000179.0
381/1000
[ 1.5  4.5  7.5 10.5 13.5]
1001355.0
382/1000
[ 1.5  4.5  7.5 10.5 13.5]
999398.0
383/1000
[ 1.5  4.5  7.5 10.5 13.5]
1000650.0
384/1000
[ 1.5  4.5  7.5 10.5 13.5]
997461.0
385/1000
[ 1.5  4.5  7.5 10.5 13.5]
999776.0
386/1000
[ 1.5  4.5  7.5 10.5 13.5]
999860.0
387/1000
[ 1.5  4.5  7.5 10.5 13.5]
998320.0
388/1000
[ 1.5  4.5  7.5 10.5 13.5]
999832.0
389/1000
[ 1.5  4.5  7.5 10.5 13.5]
1000490.0
390/1000
[ 1.5  4.5  7.5 10.5 13.5]
1000480.0
391/1000
[ 1.5  4.5  7.5 10.5 13.5]
999002.0
392/1000
[ 1.5  4.5  7.5 10.5 13.5]
1000002.0
393/1000
[ 1.5  4.5  7.5 10.5 13.5]
1001087.0
394/1000
[ 1.5  4.5  7.5 10.5 13.5]
999085.0
395/1000
[ 1.5  4.5  7.5 10.5 13.5]
999724.0
396/1000
[ 1.5  4.5  7.5 10.5 13.5]
999532.0
397/1000
[ 1.5  4.5  7.5 10.5 13.5]
999846.0
398/1000
[ 1.5  4.5  7.5 10.5 13.5]
999833.0
399/1000
[ 1.5  4.5  7.5 10.5 13.5]
1000336.0
400/1000
[ 1.5  4.5  7.5 10.5 13.5]
1000431.0
401/1000
[ 1.5  4.5  7.5 10.5 13.5]
1001055.0
402/1000
[ 1.5  4.5  7.5 10.5 13.5]
1000565.0
403/1000
[ 1.5  4.5  7.5 10.5 13.5]
1000706.0
404/1000
[ 1.5  4.5  7.5 10.5 13.5]
999503.0
405/1000
[ 1.5  4.5  7.5 10.5 13.5]
999212.0
406/1000
[ 1.5  4.5  7.5 10.5 13.5]
1001356.0
407/1000
[ 1.5  4.5  7.5 10.5 13.5]
999108.0
408/1000
[ 1.5  4.5  7.5 10.5 13.5]
998595.0
409/1000
[ 1.5  4.5  7.5 10.5 13.5]
999573.0
410/1000
[ 1.5  4.5  7.5 10.5 13.5]
1001257.0
411/1000
[ 1.5  4.5  7.5 10.5 13.5]
1001393.0
412/1000
[ 1.5  4.5  7.5 10.5 13.5]
1000790.0
413/1000
[ 1.5  4.5  7.5 10.5 13.5]
1000634.0
414/1000
[ 1.5  4.5  7.5 10.5 13.5]
1000257.0
415/1000
[ 1.5  4.5  7.5 10.5 13.5]
998607.0
416/1000
[ 1.5  4.5  7.5 10.5 13.5]
1000303.0
417/1000
[ 1.5  4.5  7.5 10.5 13.5]
1000933.0
418/1000
[ 1.5  4.5  7.5 10.5 13.5]
999137.0
419/1000
[ 1.5  4.5  7.5 10.5 13.5]
1000740.0
420/1000
[ 1.5  4.5  7.5 10.5 13.5]
1000905.0
421/1000
[ 1.5  4.5  7.5 10.5 13.5]
999328.0
422/1000
[ 1.5  4.5  7.5 10.5 13.5]
1001243.0
423/1000
[ 1.5  4.5  7.5 10.5 13.5]
999533.0
424/1000
[ 1.5  4.5  7.5 10.5 13.5]
1000393.0
425/1000
[ 1.5  4.5  7.5 10.5 13.5]
998880.0
426/1000
[ 1.5  4.5  7.5 10.5 13.5]
1001478.0
427/1000
[ 1.5  4.5  7.5 10.5 13.5]
1000883.0
428/1000
[ 1.5  4.5  7.5 10.5 13.5]
1002448.0
429/1000
[ 1.5  4.5  7.5 10.5 13.5]
997925.0
430/1000
[ 1.5  4.5  7.5 10.5 13.5]
1000010.0
431/1000
[ 1.5  4.5  7.5 10.5 13.5]
1000435.0
432/1000
[ 1.5  4.5  7.5 10.5 13.5]
999554.0
433/1000
[ 1.5  4.5  7.5 10.5 13.5]
999552.0
434/1000
[ 1.5  4.5  7.5 10.5 13.5]
999314.0
435/1000
[ 1.5  4.5  7.5 10.5 13.5]
1001621.0
436/1000
[ 1.5  4.5  7.5 10.5 13.5]
999286.0
437/1000
[ 1.5  4.5  7.5 10.5 13.5]
998478.0
438/1000
[ 1.5  4.5  7.5 10.5 13.5]
999599.0
439/1000
[ 1.5  4.5  7.5 10.5 13.5]
999283.0
440/1000
[ 1.5  4.5  7.5 10.5 13.5]
1001170.0
441/1000
[ 1.5  4.5  7.5 10.5 13.5]
999041.0
442/1000
[ 1.5  4.5  7.5 10.5 13.5]
1001472.0
443/1000
[ 1.5  4.5  7.5 10.5 13.5]
999244.0
444/1000
[ 1.5  4.5  7.5 10.5 13.5]
1001185.0
445/1000
[ 1.5  4.5  7.5 10.5 13.5]
999465.0
446/1000
[ 1.5  4.5  7.5 10.5 13.5]
999025.0
447/1000
[ 1.5  4.5  7.5 10.5 13.5]
1000990.0
448/1000
[ 1.5  4.5  7.5 10.5 13.5]
998347.0
449/1000
[ 1.5  4.5  7.5 10.5 13.5]
999728.0
450/1000
[ 1.5  4.5  7.5 10.5 13.5]
1001353.0
451/1000
[ 1.5  4.5  7.5 10.5 13.5]
999673.0
452/1000
[ 1.5  4.5  7.5 10.5 13.5]
1000487.0
453/1000
[ 1.5  4.5  7.5 10.5 13.5]
999937.0
454/1000
[ 1.5  4.5  7.5 10.5 13.5]
1000103.0
455/1000
[ 1.5  4.5  7.5 10.5 13.5]
999796.0
456/1000
[ 1.5  4.5  7.5 10.5 13.5]
999334.0
457/1000
[ 1.5  4.5  7.5 10.5 13.5]
999419.0
458/1000
[ 1.5  4.5  7.5 10.5 13.5]
1001406.0
459/1000
[ 1.5  4.5  7.5 10.5 13.5]
998432.0
460/1000
[ 1.5  4.5  7.5 10.5 13.5]
1002565.0
461/1000
[ 1.5  4.5  7.5 10.5 13.5]
1000127.0
462/1000
[ 1.5  4.5  7.5 10.5 13.5]
999536.0
463/1000
[ 1.5  4.5  7.5 10.5 13.5]
999080.0
464/1000
[ 1.5  4.5  7.5 10.5 13.5]
1000902.0
465/1000
[ 1.5  4.5  7.5 10.5 13.5]
1000122.0
466/1000
[ 1.5  4.5  7.5 10.5 13.5]
1001200.0
467/1000
[ 1.5  4.5  7.5 10.5 13.5]
1000488.0
468/1000
[ 1.5  4.5  7.5 10.5 13.5]
1000471.0
469/1000
[ 1.5  4.5  7.5 10.5 13.5]
1000989.0
470/1000
[ 1.5  4.5  7.5 10.5 13.5]
1000182.0
471/1000
[ 1.5  4.5  7.5 10.5 13.5]
999566.0
472/1000
[ 1.5  4.5  7.5 10.5 13.5]
1000000.0
473/1000
[ 1.5  4.5  7.5 10.5 13.5]
999988.0
474/1000
[ 1.5  4.5  7.5 10.5 13.5]
1000120.0
475/1000
[ 1.5  4.5  7.5 10.5 13.5]
998319.0
476/1000
[ 1.5  4.5  7.5 10.5 13.5]
1000971.0
477/1000
[ 1.5  4.5  7.5 10.5 13.5]
998227.0
478/1000
[ 1.5  4.5  7.5 10.5 13.5]
998923.0
479/1000
[ 1.5  4.5  7.5 10.5 13.5]
998467.0
480/1000
[ 1.5  4.5  7.5 10.5 13.5]
998768.0
481/1000
[ 1.5  4.5  7.5 10.5 13.5]
1001407.0
482/1000
[ 1.5  4.5  7.5 10.5 13.5]
999533.0
483/1000
[ 1.5  4.5  7.5 10.5 13.5]
1000310.0
484/1000
[ 1.5  4.5  7.5 10.5 13.5]
1001386.0
485/1000
[ 1.5  4.5  7.5 10.5 13.5]
1000223.0
486/1000
[ 1.5  4.5  7.5 10.5 13.5]
1000678.0
487/1000
[ 1.5  4.5  7.5 10.5 13.5]
999602.0
488/1000
[ 1.5  4.5  7.5 10.5 13.5]
999797.0
489/1000
[ 1.5  4.5  7.5 10.5 13.5]
1001201.0
490/1000
[ 1.5  4.5  7.5 10.5 13.5]
999444.0
491/1000
[ 1.5  4.5  7.5 10.5 13.5]
1001395.0
492/1000
[ 1.5  4.5  7.5 10.5 13.5]
999418.0
493/1000
[ 1.5  4.5  7.5 10.5 13.5]
998443.0
494/1000
[ 1.5  4.5  7.5 10.5 13.5]
1000183.0
495/1000
[ 1.5  4.5  7.5 10.5 13.5]
1001034.0
496/1000
[ 1.5  4.5  7.5 10.5 13.5]
1001898.0
497/1000
[ 1.5  4.5  7.5 10.5 13.5]
1000156.0
498/1000
[ 1.5  4.5  7.5 10.5 13.5]
1001143.0
499/1000
[ 1.5  4.5  7.5 10.5 13.5]
999790.0
500/1000
[ 1.5  4.5  7.5 10.5 13.5]
999779.0
501/1000
[ 1.5  4.5  7.5 10.5 13.5]
1002113.0
502/1000
[ 1.5  4.5  7.5 10.5 13.5]
1001594.0
503/1000
[ 1.5  4.5  7.5 10.5 13.5]
1000035.0
504/1000
[ 1.5  4.5  7.5 10.5 13.5]
1000628.0
505/1000
[ 1.5  4.5  7.5 10.5 13.5]
1001046.0
506/1000
[ 1.5  4.5  7.5 10.5 13.5]
1000260.0
507/1000
[ 1.5  4.5  7.5 10.5 13.5]
1000086.0
508/1000
[ 1.5  4.5  7.5 10.5 13.5]
998976.0
509/1000
[ 1.5  4.5  7.5 10.5 13.5]
1001670.0
510/1000
[ 1.5  4.5  7.5 10.5 13.5]
1000712.0
511/1000
[ 1.5  4.5  7.5 10.5 13.5]
1001507.0
512/1000
[ 1.5  4.5  7.5 10.5 13.5]
999775.0
513/1000
[ 1.5  4.5  7.5 10.5 13.5]
1001285.0
514/1000
[ 1.5  4.5  7.5 10.5 13.5]
1001117.0
515/1000
[ 1.5  4.5  7.5 10.5 13.5]
999199.0
516/1000
[ 1.5  4.5  7.5 10.5 13.5]
1000164.0
517/1000
[ 1.5  4.5  7.5 10.5 13.5]
999268.0
518/1000
[ 1.5  4.5  7.5 10.5 13.5]
998741.0
519/1000
[ 1.5  4.5  7.5 10.5 13.5]
999754.0
520/1000
[ 1.5  4.5  7.5 10.5 13.5]
1000756.0
521/1000
[ 1.5  4.5  7.5 10.5 13.5]
1000180.0
522/1000
[ 1.5  4.5  7.5 10.5 13.5]
1000432.0
523/1000
[ 1.5  4.5  7.5 10.5 13.5]
999752.0
524/1000
[ 1.5  4.5  7.5 10.5 13.5]
998639.0
525/1000
[ 1.5  4.5  7.5 10.5 13.5]
1000932.0
526/1000
[ 1.5  4.5  7.5 10.5 13.5]
1000301.0
527/1000
[ 1.5  4.5  7.5 10.5 13.5]
1000347.0
528/1000
[ 1.5  4.5  7.5 10.5 13.5]
999739.0
529/1000
[ 1.5  4.5  7.5 10.5 13.5]
997889.0
530/1000
[ 1.5  4.5  7.5 10.5 13.5]
998626.0
531/1000
[ 1.5  4.5  7.5 10.5 13.5]
1000742.0
532/1000
[ 1.5  4.5  7.5 10.5 13.5]
999725.0
533/1000
[ 1.5  4.5  7.5 10.5 13.5]
999629.0
534/1000
[ 1.5  4.5  7.5 10.5 13.5]
998105.0
535/1000
[ 1.5  4.5  7.5 10.5 13.5]
999406.0
536/1000
[ 1.5  4.5  7.5 10.5 13.5]
1000156.0
537/1000
[ 1.5  4.5  7.5 10.5 13.5]
999721.0
538/1000
[ 1.5  4.5  7.5 10.5 13.5]
998757.0
539/1000
[ 1.5  4.5  7.5 10.5 13.5]
1001348.0
540/1000
[ 1.5  4.5  7.5 10.5 13.5]
998865.0
541/1000
[ 1.5  4.5  7.5 10.5 13.5]
998470.0
542/1000
[ 1.5  4.5  7.5 10.5 13.5]
