Starting sim # 4
Loaded rubin/sw/tag/w_2023_27/loadLSST.bash
1/1000
[ 1.5  4.5  7.5 10.5 13.5]
499463.0
2/1000
[ 1.5  4.5  7.5 10.5 13.5]
499573.0
3/1000
[ 1.5  4.5  7.5 10.5 13.5]
500157.0
4/1000
[ 1.5  4.5  7.5 10.5 13.5]
499086.0
5/1000
[ 1.5  4.5  7.5 10.5 13.5]
500025.0
6/1000
[ 1.5  4.5  7.5 10.5 13.5]
499157.0
7/1000
[ 1.5  4.5  7.5 10.5 13.5]
499558.0
8/1000
[ 1.5  4.5  7.5 10.5 13.5]
500231.0
9/1000
[ 1.5  4.5  7.5 10.5 13.5]
499997.0
10/1000
[ 1.5  4.5  7.5 10.5 13.5]
500223.0
11/1000
[ 1.5  4.5  7.5 10.5 13.5]
499252.0
12/1000
[ 1.5  4.5  7.5 10.5 13.5]
500531.0
13/1000
[ 1.5  4.5  7.5 10.5 13.5]
501539.0
14/1000
[ 1.5  4.5  7.5 10.5 13.5]
499838.0
15/1000
[ 1.5  4.5  7.5 10.5 13.5]
500088.0
16/1000
[ 1.5  4.5  7.5 10.5 13.5]
500656.0
17/1000
[ 1.5  4.5  7.5 10.5 13.5]
499269.0
18/1000
[ 1.5  4.5  7.5 10.5 13.5]
499478.0
19/1000
[ 1.5  4.5  7.5 10.5 13.5]
500139.0
20/1000
[ 1.5  4.5  7.5 10.5 13.5]
499451.0
21/1000
[ 1.5  4.5  7.5 10.5 13.5]
499886.0
22/1000
[ 1.5  4.5  7.5 10.5 13.5]
500644.0
23/1000
[ 1.5  4.5  7.5 10.5 13.5]
500535.0
24/1000
[ 1.5  4.5  7.5 10.5 13.5]
499679.0
25/1000
[ 1.5  4.5  7.5 10.5 13.5]
500373.0
26/1000
[ 1.5  4.5  7.5 10.5 13.5]
500110.0
27/1000
[ 1.5  4.5  7.5 10.5 13.5]
498610.0
28/1000
[ 1.5  4.5  7.5 10.5 13.5]
500526.0
29/1000
[ 1.5  4.5  7.5 10.5 13.5]
499722.0
30/1000
[ 1.5  4.5  7.5 10.5 13.5]
499987.0
31/1000
[ 1.5  4.5  7.5 10.5 13.5]
500963.0
32/1000
[ 1.5  4.5  7.5 10.5 13.5]
500579.0
33/1000
[ 1.5  4.5  7.5 10.5 13.5]
500101.0
34/1000
[ 1.5  4.5  7.5 10.5 13.5]
500237.0
35/1000
[ 1.5  4.5  7.5 10.5 13.5]
501153.0
36/1000
[ 1.5  4.5  7.5 10.5 13.5]
498788.0
37/1000
[ 1.5  4.5  7.5 10.5 13.5]
500088.0
38/1000
[ 1.5  4.5  7.5 10.5 13.5]
498686.0
39/1000
[ 1.5  4.5  7.5 10.5 13.5]
500307.0
40/1000
[ 1.5  4.5  7.5 10.5 13.5]
499452.0
41/1000
[ 1.5  4.5  7.5 10.5 13.5]
500085.0
42/1000
[ 1.5  4.5  7.5 10.5 13.5]
499592.0
43/1000
[ 1.5  4.5  7.5 10.5 13.5]
500131.0
44/1000
[ 1.5  4.5  7.5 10.5 13.5]
499533.0
45/1000
[ 1.5  4.5  7.5 10.5 13.5]
499292.0
46/1000
[ 1.5  4.5  7.5 10.5 13.5]
499354.0
47/1000
[ 1.5  4.5  7.5 10.5 13.5]
500394.0
48/1000
[ 1.5  4.5  7.5 10.5 13.5]
499355.0
49/1000
[ 1.5  4.5  7.5 10.5 13.5]
500048.0
50/1000
[ 1.5  4.5  7.5 10.5 13.5]
498727.0
51/1000
[ 1.5  4.5  7.5 10.5 13.5]
500232.0
52/1000
[ 1.5  4.5  7.5 10.5 13.5]
500242.0
53/1000
[ 1.5  4.5  7.5 10.5 13.5]
499648.0
54/1000
[ 1.5  4.5  7.5 10.5 13.5]
499662.0
55/1000
[ 1.5  4.5  7.5 10.5 13.5]
499756.0
56/1000
[ 1.5  4.5  7.5 10.5 13.5]
499446.0
57/1000
[ 1.5  4.5  7.5 10.5 13.5]
500026.0
58/1000
[ 1.5  4.5  7.5 10.5 13.5]
500727.0
59/1000
[ 1.5  4.5  7.5 10.5 13.5]
500174.0
60/1000
[ 1.5  4.5  7.5 10.5 13.5]
500681.0
61/1000
[ 1.5  4.5  7.5 10.5 13.5]
500730.0
62/1000
[ 1.5  4.5  7.5 10.5 13.5]
500037.0
63/1000
[ 1.5  4.5  7.5 10.5 13.5]
499031.0
64/1000
[ 1.5  4.5  7.5 10.5 13.5]
501239.0
65/1000
[ 1.5  4.5  7.5 10.5 13.5]
500552.0
66/1000
[ 1.5  4.5  7.5 10.5 13.5]
499375.0
67/1000
[ 1.5  4.5  7.5 10.5 13.5]
498568.0
68/1000
[ 1.5  4.5  7.5 10.5 13.5]
500658.0
69/1000
[ 1.5  4.5  7.5 10.5 13.5]
499495.0
70/1000
[ 1.5  4.5  7.5 10.5 13.5]
498299.0
71/1000
[ 1.5  4.5  7.5 10.5 13.5]
500348.0
72/1000
[ 1.5  4.5  7.5 10.5 13.5]
500174.0
73/1000
[ 1.5  4.5  7.5 10.5 13.5]
500770.0
74/1000
[ 1.5  4.5  7.5 10.5 13.5]
499534.0
75/1000
[ 1.5  4.5  7.5 10.5 13.5]
500355.0
76/1000
[ 1.5  4.5  7.5 10.5 13.5]
500041.0
77/1000
[ 1.5  4.5  7.5 10.5 13.5]
499665.0
78/1000
[ 1.5  4.5  7.5 10.5 13.5]
500076.0
79/1000
[ 1.5  4.5  7.5 10.5 13.5]
499303.0
80/1000
[ 1.5  4.5  7.5 10.5 13.5]
499315.0
81/1000
[ 1.5  4.5  7.5 10.5 13.5]
500467.0
82/1000
[ 1.5  4.5  7.5 10.5 13.5]
500163.0
83/1000
[ 1.5  4.5  7.5 10.5 13.5]
500351.0
84/1000
[ 1.5  4.5  7.5 10.5 13.5]
500300.0
85/1000
[ 1.5  4.5  7.5 10.5 13.5]
500267.0
86/1000
[ 1.5  4.5  7.5 10.5 13.5]
499641.0
87/1000
[ 1.5  4.5  7.5 10.5 13.5]
500145.0
88/1000
[ 1.5  4.5  7.5 10.5 13.5]
500598.0
89/1000
[ 1.5  4.5  7.5 10.5 13.5]
499801.0
90/1000
[ 1.5  4.5  7.5 10.5 13.5]
499469.0
91/1000
[ 1.5  4.5  7.5 10.5 13.5]
500208.0
92/1000
[ 1.5  4.5  7.5 10.5 13.5]
501119.0
93/1000
[ 1.5  4.5  7.5 10.5 13.5]
500555.0
94/1000
[ 1.5  4.5  7.5 10.5 13.5]
500059.0
95/1000
[ 1.5  4.5  7.5 10.5 13.5]
499974.0
96/1000
[ 1.5  4.5  7.5 10.5 13.5]
499856.0
97/1000
[ 1.5  4.5  7.5 10.5 13.5]
501033.0
98/1000
[ 1.5  4.5  7.5 10.5 13.5]
499126.0
99/1000
[ 1.5  4.5  7.5 10.5 13.5]
499969.0
100/1000
[ 1.5  4.5  7.5 10.5 13.5]
499863.0
101/1000
[ 1.5  4.5  7.5 10.5 13.5]
499055.0
102/1000
[ 1.5  4.5  7.5 10.5 13.5]
500272.0
103/1000
[ 1.5  4.5  7.5 10.5 13.5]
499714.0
104/1000
[ 1.5  4.5  7.5 10.5 13.5]
499639.0
105/1000
[ 1.5  4.5  7.5 10.5 13.5]
499978.0
106/1000
[ 1.5  4.5  7.5 10.5 13.5]
499362.0
107/1000
[ 1.5  4.5  7.5 10.5 13.5]
499521.0
108/1000
[ 1.5  4.5  7.5 10.5 13.5]
500805.0
109/1000
[ 1.5  4.5  7.5 10.5 13.5]
499937.0
110/1000
[ 1.5  4.5  7.5 10.5 13.5]
499404.0
111/1000
[ 1.5  4.5  7.5 10.5 13.5]
500969.0
112/1000
[ 1.5  4.5  7.5 10.5 13.5]
499387.0
113/1000
[ 1.5  4.5  7.5 10.5 13.5]
499752.0
114/1000
[ 1.5  4.5  7.5 10.5 13.5]
499982.0
115/1000
[ 1.5  4.5  7.5 10.5 13.5]
499514.0
116/1000
[ 1.5  4.5  7.5 10.5 13.5]
499917.0
117/1000
[ 1.5  4.5  7.5 10.5 13.5]
500615.0
118/1000
[ 1.5  4.5  7.5 10.5 13.5]
499448.0
119/1000
[ 1.5  4.5  7.5 10.5 13.5]
500299.0
120/1000
[ 1.5  4.5  7.5 10.5 13.5]
500532.0
121/1000
[ 1.5  4.5  7.5 10.5 13.5]
500638.0
122/1000
[ 1.5  4.5  7.5 10.5 13.5]
498961.0
123/1000
[ 1.5  4.5  7.5 10.5 13.5]
501280.0
124/1000
[ 1.5  4.5  7.5 10.5 13.5]
500070.0
125/1000
[ 1.5  4.5  7.5 10.5 13.5]
500621.0
126/1000
[ 1.5  4.5  7.5 10.5 13.5]
500232.0
127/1000
[ 1.5  4.5  7.5 10.5 13.5]
500547.0
128/1000
[ 1.5  4.5  7.5 10.5 13.5]
500363.0
129/1000
[ 1.5  4.5  7.5 10.5 13.5]
500273.0
130/1000
[ 1.5  4.5  7.5 10.5 13.5]
500381.0
131/1000
[ 1.5  4.5  7.5 10.5 13.5]
499936.0
132/1000
[ 1.5  4.5  7.5 10.5 13.5]
499641.0
133/1000
[ 1.5  4.5  7.5 10.5 13.5]
500335.0
134/1000
[ 1.5  4.5  7.5 10.5 13.5]
500244.0
135/1000
[ 1.5  4.5  7.5 10.5 13.5]
499350.0
136/1000
[ 1.5  4.5  7.5 10.5 13.5]
499750.0
137/1000
[ 1.5  4.5  7.5 10.5 13.5]
498766.0
138/1000
[ 1.5  4.5  7.5 10.5 13.5]
500591.0
139/1000
[ 1.5  4.5  7.5 10.5 13.5]
500011.0
140/1000
[ 1.5  4.5  7.5 10.5 13.5]
499331.0
141/1000
[ 1.5  4.5  7.5 10.5 13.5]
499263.0
142/1000
[ 1.5  4.5  7.5 10.5 13.5]
500357.0
143/1000
[ 1.5  4.5  7.5 10.5 13.5]
498479.0
144/1000
[ 1.5  4.5  7.5 10.5 13.5]
501601.0
145/1000
[ 1.5  4.5  7.5 10.5 13.5]
500428.0
146/1000
[ 1.5  4.5  7.5 10.5 13.5]
500709.0
147/1000
[ 1.5  4.5  7.5 10.5 13.5]
500461.0
148/1000
[ 1.5  4.5  7.5 10.5 13.5]
499374.0
149/1000
[ 1.5  4.5  7.5 10.5 13.5]
498854.0
150/1000
[ 1.5  4.5  7.5 10.5 13.5]
499531.0
151/1000
[ 1.5  4.5  7.5 10.5 13.5]
500308.0
152/1000
[ 1.5  4.5  7.5 10.5 13.5]
501072.0
153/1000
[ 1.5  4.5  7.5 10.5 13.5]
498780.0
154/1000
[ 1.5  4.5  7.5 10.5 13.5]
500734.0
155/1000
[ 1.5  4.5  7.5 10.5 13.5]
499337.0
156/1000
[ 1.5  4.5  7.5 10.5 13.5]
500840.0
157/1000
[ 1.5  4.5  7.5 10.5 13.5]
499386.0
158/1000
[ 1.5  4.5  7.5 10.5 13.5]
499959.0
159/1000
[ 1.5  4.5  7.5 10.5 13.5]
500301.0
160/1000
[ 1.5  4.5  7.5 10.5 13.5]
500461.0
161/1000
[ 1.5  4.5  7.5 10.5 13.5]
499769.0
162/1000
[ 1.5  4.5  7.5 10.5 13.5]
500264.0
163/1000
[ 1.5  4.5  7.5 10.5 13.5]
501077.0
164/1000
[ 1.5  4.5  7.5 10.5 13.5]
498586.0
165/1000
[ 1.5  4.5  7.5 10.5 13.5]
500396.0
166/1000
[ 1.5  4.5  7.5 10.5 13.5]
499241.0
167/1000
[ 1.5  4.5  7.5 10.5 13.5]
500811.0
168/1000
[ 1.5  4.5  7.5 10.5 13.5]
500701.0
169/1000
[ 1.5  4.5  7.5 10.5 13.5]
500585.0
170/1000
[ 1.5  4.5  7.5 10.5 13.5]
499881.0
171/1000
[ 1.5  4.5  7.5 10.5 13.5]
500635.0
172/1000
[ 1.5  4.5  7.5 10.5 13.5]
499929.0
173/1000
[ 1.5  4.5  7.5 10.5 13.5]
499879.0
174/1000
[ 1.5  4.5  7.5 10.5 13.5]
499721.0
175/1000
[ 1.5  4.5  7.5 10.5 13.5]
499509.0
176/1000
[ 1.5  4.5  7.5 10.5 13.5]
500391.0
177/1000
[ 1.5  4.5  7.5 10.5 13.5]
500090.0
178/1000
[ 1.5  4.5  7.5 10.5 13.5]
498696.9999999999
179/1000
[ 1.5  4.5  7.5 10.5 13.5]
500747.0
180/1000
[ 1.5  4.5  7.5 10.5 13.5]
500369.0
181/1000
[ 1.5  4.5  7.5 10.5 13.5]
501445.0
182/1000
[ 1.5  4.5  7.5 10.5 13.5]
500695.0
183/1000
[ 1.5  4.5  7.5 10.5 13.5]
499865.0
184/1000
[ 1.5  4.5  7.5 10.5 13.5]
501314.0
185/1000
[ 1.5  4.5  7.5 10.5 13.5]
498816.0
186/1000
[ 1.5  4.5  7.5 10.5 13.5]
499170.0
187/1000
[ 1.5  4.5  7.5 10.5 13.5]
500369.0
188/1000
[ 1.5  4.5  7.5 10.5 13.5]
500365.0
189/1000
[ 1.5  4.5  7.5 10.5 13.5]
498886.0
190/1000
[ 1.5  4.5  7.5 10.5 13.5]
500601.0
191/1000
[ 1.5  4.5  7.5 10.5 13.5]
500320.0
192/1000
[ 1.5  4.5  7.5 10.5 13.5]
499469.0
193/1000
[ 1.5  4.5  7.5 10.5 13.5]
499859.0
194/1000
[ 1.5  4.5  7.5 10.5 13.5]
499583.0
195/1000
[ 1.5  4.5  7.5 10.5 13.5]
500660.0
196/1000
[ 1.5  4.5  7.5 10.5 13.5]
500368.0
197/1000
[ 1.5  4.5  7.5 10.5 13.5]
500084.0
198/1000
[ 1.5  4.5  7.5 10.5 13.5]
500682.0
199/1000
[ 1.5  4.5  7.5 10.5 13.5]
501452.0
200/1000
[ 1.5  4.5  7.5 10.5 13.5]
498498.0
201/1000
[ 1.5  4.5  7.5 10.5 13.5]
499470.0
202/1000
[ 1.5  4.5  7.5 10.5 13.5]
502271.0
203/1000
[ 1.5  4.5  7.5 10.5 13.5]
500355.0
204/1000
[ 1.5  4.5  7.5 10.5 13.5]
499327.0
205/1000
[ 1.5  4.5  7.5 10.5 13.5]
499250.0
206/1000
[ 1.5  4.5  7.5 10.5 13.5]
501324.0
207/1000
[ 1.5  4.5  7.5 10.5 13.5]
500933.0
208/1000
[ 1.5  4.5  7.5 10.5 13.5]
500360.0
209/1000
[ 1.5  4.5  7.5 10.5 13.5]
498065.0
210/1000
[ 1.5  4.5  7.5 10.5 13.5]
499866.0
211/1000
[ 1.5  4.5  7.5 10.5 13.5]
500158.0
212/1000
[ 1.5  4.5  7.5 10.5 13.5]
500698.0
213/1000
[ 1.5  4.5  7.5 10.5 13.5]
500514.0
214/1000
[ 1.5  4.5  7.5 10.5 13.5]
500822.0
215/1000
[ 1.5  4.5  7.5 10.5 13.5]
500329.0
216/1000
[ 1.5  4.5  7.5 10.5 13.5]
500435.0
217/1000
[ 1.5  4.5  7.5 10.5 13.5]
499628.0
218/1000
[ 1.5  4.5  7.5 10.5 13.5]
499931.0
219/1000
[ 1.5  4.5  7.5 10.5 13.5]
500627.0
220/1000
[ 1.5  4.5  7.5 10.5 13.5]
500547.0
221/1000
[ 1.5  4.5  7.5 10.5 13.5]
500449.0
222/1000
[ 1.5  4.5  7.5 10.5 13.5]
499620.0
223/1000
[ 1.5  4.5  7.5 10.5 13.5]
499669.0
224/1000
[ 1.5  4.5  7.5 10.5 13.5]
499235.0
225/1000
[ 1.5  4.5  7.5 10.5 13.5]
499655.0
226/1000
[ 1.5  4.5  7.5 10.5 13.5]
498984.0
227/1000
[ 1.5  4.5  7.5 10.5 13.5]
498510.0
228/1000
[ 1.5  4.5  7.5 10.5 13.5]
499610.0
229/1000
[ 1.5  4.5  7.5 10.5 13.5]
499055.0
230/1000
[ 1.5  4.5  7.5 10.5 13.5]
500666.0
231/1000
[ 1.5  4.5  7.5 10.5 13.5]
500789.0
232/1000
[ 1.5  4.5  7.5 10.5 13.5]
499950.0
233/1000
[ 1.5  4.5  7.5 10.5 13.5]
499108.0
234/1000
[ 1.5  4.5  7.5 10.5 13.5]
500259.0
235/1000
[ 1.5  4.5  7.5 10.5 13.5]
500476.0
236/1000
[ 1.5  4.5  7.5 10.5 13.5]
499892.0
237/1000
[ 1.5  4.5  7.5 10.5 13.5]
499420.0
238/1000
[ 1.5  4.5  7.5 10.5 13.5]
498963.0
239/1000
[ 1.5  4.5  7.5 10.5 13.5]
500347.0
240/1000
[ 1.5  4.5  7.5 10.5 13.5]
500131.0
241/1000
[ 1.5  4.5  7.5 10.5 13.5]
499206.0
242/1000
[ 1.5  4.5  7.5 10.5 13.5]
500147.0
243/1000
[ 1.5  4.5  7.5 10.5 13.5]
500457.0
244/1000
[ 1.5  4.5  7.5 10.5 13.5]
499697.0
245/1000
[ 1.5  4.5  7.5 10.5 13.5]
499273.0
246/1000
[ 1.5  4.5  7.5 10.5 13.5]
500317.0
247/1000
[ 1.5  4.5  7.5 10.5 13.5]
499707.0
248/1000
[ 1.5  4.5  7.5 10.5 13.5]
500577.0
249/1000
[ 1.5  4.5  7.5 10.5 13.5]
500596.0
250/1000
[ 1.5  4.5  7.5 10.5 13.5]
498376.0
251/1000
[ 1.5  4.5  7.5 10.5 13.5]
499638.0
252/1000
[ 1.5  4.5  7.5 10.5 13.5]
499955.0
253/1000
[ 1.5  4.5  7.5 10.5 13.5]
500210.0
254/1000
[ 1.5  4.5  7.5 10.5 13.5]
498794.0
255/1000
[ 1.5  4.5  7.5 10.5 13.5]
499033.0
256/1000
[ 1.5  4.5  7.5 10.5 13.5]
500380.0
257/1000
[ 1.5  4.5  7.5 10.5 13.5]
500719.0
258/1000
[ 1.5  4.5  7.5 10.5 13.5]
499810.0
259/1000
[ 1.5  4.5  7.5 10.5 13.5]
499084.0
260/1000
[ 1.5  4.5  7.5 10.5 13.5]
500047.0
261/1000
[ 1.5  4.5  7.5 10.5 13.5]
499846.0
262/1000
[ 1.5  4.5  7.5 10.5 13.5]
500098.0
263/1000
[ 1.5  4.5  7.5 10.5 13.5]
499544.0
264/1000
[ 1.5  4.5  7.5 10.5 13.5]
498940.0
265/1000
[ 1.5  4.5  7.5 10.5 13.5]
500455.0
266/1000
[ 1.5  4.5  7.5 10.5 13.5]
499465.0
267/1000
[ 1.5  4.5  7.5 10.5 13.5]
499181.0
268/1000
[ 1.5  4.5  7.5 10.5 13.5]
499015.0
269/1000
[ 1.5  4.5  7.5 10.5 13.5]
499873.0
270/1000
[ 1.5  4.5  7.5 10.5 13.5]
500230.0
271/1000
[ 1.5  4.5  7.5 10.5 13.5]
499411.0
272/1000
[ 1.5  4.5  7.5 10.5 13.5]
501096.0
273/1000
[ 1.5  4.5  7.5 10.5 13.5]
499746.0
274/1000
[ 1.5  4.5  7.5 10.5 13.5]
498394.0
275/1000
[ 1.5  4.5  7.5 10.5 13.5]
499439.0
276/1000
[ 1.5  4.5  7.5 10.5 13.5]
500783.0
277/1000
[ 1.5  4.5  7.5 10.5 13.5]
500513.0
278/1000
[ 1.5  4.5  7.5 10.5 13.5]
499497.0
279/1000
[ 1.5  4.5  7.5 10.5 13.5]
500053.0
280/1000
[ 1.5  4.5  7.5 10.5 13.5]
500754.0
281/1000
[ 1.5  4.5  7.5 10.5 13.5]
499907.0
282/1000
[ 1.5  4.5  7.5 10.5 13.5]
499149.0
283/1000
[ 1.5  4.5  7.5 10.5 13.5]
500740.0
284/1000
[ 1.5  4.5  7.5 10.5 13.5]
500278.0
285/1000
[ 1.5  4.5  7.5 10.5 13.5]
500209.0
286/1000
[ 1.5  4.5  7.5 10.5 13.5]
500021.0
287/1000
[ 1.5  4.5  7.5 10.5 13.5]
499252.0
288/1000
[ 1.5  4.5  7.5 10.5 13.5]
499442.0
289/1000
[ 1.5  4.5  7.5 10.5 13.5]
500156.0
290/1000
[ 1.5  4.5  7.5 10.5 13.5]
500605.0
291/1000
[ 1.5  4.5  7.5 10.5 13.5]
500886.0
292/1000
[ 1.5  4.5  7.5 10.5 13.5]
499070.0
293/1000
[ 1.5  4.5  7.5 10.5 13.5]
500314.0
294/1000
[ 1.5  4.5  7.5 10.5 13.5]
499891.0
295/1000
[ 1.5  4.5  7.5 10.5 13.5]
500435.0
296/1000
[ 1.5  4.5  7.5 10.5 13.5]
500686.0
297/1000
[ 1.5  4.5  7.5 10.5 13.5]
500712.0
298/1000
[ 1.5  4.5  7.5 10.5 13.5]
499454.0
299/1000
[ 1.5  4.5  7.5 10.5 13.5]
500148.0
300/1000
[ 1.5  4.5  7.5 10.5 13.5]
498394.0
301/1000
[ 1.5  4.5  7.5 10.5 13.5]
500309.0
302/1000
[ 1.5  4.5  7.5 10.5 13.5]
499368.0
303/1000
[ 1.5  4.5  7.5 10.5 13.5]
499499.0
304/1000
[ 1.5  4.5  7.5 10.5 13.5]
499832.0
305/1000
[ 1.5  4.5  7.5 10.5 13.5]
499242.0
306/1000
[ 1.5  4.5  7.5 10.5 13.5]
500100.0
307/1000
[ 1.5  4.5  7.5 10.5 13.5]
499526.0
308/1000
[ 1.5  4.5  7.5 10.5 13.5]
501161.0
309/1000
[ 1.5  4.5  7.5 10.5 13.5]
500414.0
310/1000
[ 1.5  4.5  7.5 10.5 13.5]
500452.0
311/1000
[ 1.5  4.5  7.5 10.5 13.5]
499378.0
312/1000
[ 1.5  4.5  7.5 10.5 13.5]
499659.0
313/1000
[ 1.5  4.5  7.5 10.5 13.5]
500176.0
314/1000
[ 1.5  4.5  7.5 10.5 13.5]
500252.0
315/1000
[ 1.5  4.5  7.5 10.5 13.5]
499319.0
316/1000
[ 1.5  4.5  7.5 10.5 13.5]
500484.0
317/1000
[ 1.5  4.5  7.5 10.5 13.5]
500336.0
318/1000
[ 1.5  4.5  7.5 10.5 13.5]
501258.0
319/1000
[ 1.5  4.5  7.5 10.5 13.5]
500073.0
320/1000
[ 1.5  4.5  7.5 10.5 13.5]
499674.0
321/1000
[ 1.5  4.5  7.5 10.5 13.5]
499833.0
322/1000
[ 1.5  4.5  7.5 10.5 13.5]
499496.0
323/1000
[ 1.5  4.5  7.5 10.5 13.5]
499440.0
324/1000
[ 1.5  4.5  7.5 10.5 13.5]
500274.0
325/1000
[ 1.5  4.5  7.5 10.5 13.5]
499457.0
326/1000
[ 1.5  4.5  7.5 10.5 13.5]
499692.0
327/1000
[ 1.5  4.5  7.5 10.5 13.5]
500557.0
328/1000
[ 1.5  4.5  7.5 10.5 13.5]
499553.0
329/1000
[ 1.5  4.5  7.5 10.5 13.5]
499948.0
330/1000
[ 1.5  4.5  7.5 10.5 13.5]
501372.0
331/1000
[ 1.5  4.5  7.5 10.5 13.5]
500568.0
332/1000
[ 1.5  4.5  7.5 10.5 13.5]
499893.0
333/1000
[ 1.5  4.5  7.5 10.5 13.5]
500727.0
334/1000
[ 1.5  4.5  7.5 10.5 13.5]
500256.0
335/1000
[ 1.5  4.5  7.5 10.5 13.5]
500209.0
336/1000
[ 1.5  4.5  7.5 10.5 13.5]
499951.0
337/1000
[ 1.5  4.5  7.5 10.5 13.5]
499927.0
338/1000
[ 1.5  4.5  7.5 10.5 13.5]
500183.0
339/1000
[ 1.5  4.5  7.5 10.5 13.5]
500248.0
340/1000
[ 1.5  4.5  7.5 10.5 13.5]
499569.0
341/1000
[ 1.5  4.5  7.5 10.5 13.5]
501178.0
342/1000
[ 1.5  4.5  7.5 10.5 13.5]
499896.0
343/1000
[ 1.5  4.5  7.5 10.5 13.5]
500210.0
344/1000
[ 1.5  4.5  7.5 10.5 13.5]
500503.0
345/1000
[ 1.5  4.5  7.5 10.5 13.5]
500543.0
346/1000
[ 1.5  4.5  7.5 10.5 13.5]
498461.0
347/1000
[ 1.5  4.5  7.5 10.5 13.5]
499810.0
348/1000
[ 1.5  4.5  7.5 10.5 13.5]
500832.0
349/1000
[ 1.5  4.5  7.5 10.5 13.5]
501158.0
350/1000
[ 1.5  4.5  7.5 10.5 13.5]
498904.0
351/1000
[ 1.5  4.5  7.5 10.5 13.5]
500117.0
352/1000
[ 1.5  4.5  7.5 10.5 13.5]
498808.0
353/1000
[ 1.5  4.5  7.5 10.5 13.5]
498700.0
354/1000
[ 1.5  4.5  7.5 10.5 13.5]
499955.0
355/1000
[ 1.5  4.5  7.5 10.5 13.5]
499707.0
356/1000
[ 1.5  4.5  7.5 10.5 13.5]
500471.0
357/1000
[ 1.5  4.5  7.5 10.5 13.5]
501150.0
358/1000
[ 1.5  4.5  7.5 10.5 13.5]
500191.0
359/1000
[ 1.5  4.5  7.5 10.5 13.5]
499108.0
360/1000
[ 1.5  4.5  7.5 10.5 13.5]
500937.0
361/1000
[ 1.5  4.5  7.5 10.5 13.5]
500704.0
362/1000
[ 1.5  4.5  7.5 10.5 13.5]
499362.0
363/1000
[ 1.5  4.5  7.5 10.5 13.5]
498474.0
364/1000
[ 1.5  4.5  7.5 10.5 13.5]
501222.0
365/1000
[ 1.5  4.5  7.5 10.5 13.5]
500487.0
366/1000
[ 1.5  4.5  7.5 10.5 13.5]
499360.0
367/1000
[ 1.5  4.5  7.5 10.5 13.5]
498539.0
368/1000
[ 1.5  4.5  7.5 10.5 13.5]
500109.0
369/1000
[ 1.5  4.5  7.5 10.5 13.5]
498985.0
370/1000
[ 1.5  4.5  7.5 10.5 13.5]
500067.0
371/1000
[ 1.5  4.5  7.5 10.5 13.5]
500088.0
372/1000
[ 1.5  4.5  7.5 10.5 13.5]
500961.0
373/1000
[ 1.5  4.5  7.5 10.5 13.5]
500001.0
374/1000
[ 1.5  4.5  7.5 10.5 13.5]
499848.0
375/1000
[ 1.5  4.5  7.5 10.5 13.5]
499397.0
376/1000
[ 1.5  4.5  7.5 10.5 13.5]
499492.0
377/1000
[ 1.5  4.5  7.5 10.5 13.5]
500031.0
378/1000
[ 1.5  4.5  7.5 10.5 13.5]
500783.0
379/1000
[ 1.5  4.5  7.5 10.5 13.5]
500294.0
380/1000
[ 1.5  4.5  7.5 10.5 13.5]
499290.0
381/1000
[ 1.5  4.5  7.5 10.5 13.5]
500717.0
382/1000
[ 1.5  4.5  7.5 10.5 13.5]
500613.0
383/1000
[ 1.5  4.5  7.5 10.5 13.5]
499440.0
384/1000
[ 1.5  4.5  7.5 10.5 13.5]
500469.0
385/1000
[ 1.5  4.5  7.5 10.5 13.5]
500964.0
386/1000
[ 1.5  4.5  7.5 10.5 13.5]
500281.0
387/1000
[ 1.5  4.5  7.5 10.5 13.5]
500242.0
388/1000
[ 1.5  4.5  7.5 10.5 13.5]
499828.0
389/1000
[ 1.5  4.5  7.5 10.5 13.5]
500261.0
390/1000
[ 1.5  4.5  7.5 10.5 13.5]
500974.0
391/1000
[ 1.5  4.5  7.5 10.5 13.5]
498323.0
392/1000
[ 1.5  4.5  7.5 10.5 13.5]
500379.0
393/1000
[ 1.5  4.5  7.5 10.5 13.5]
500058.0
394/1000
[ 1.5  4.5  7.5 10.5 13.5]
499807.0
395/1000
[ 1.5  4.5  7.5 10.5 13.5]
499173.0
396/1000
[ 1.5  4.5  7.5 10.5 13.5]
498715.0
397/1000
[ 1.5  4.5  7.5 10.5 13.5]
500148.0
398/1000
[ 1.5  4.5  7.5 10.5 13.5]
499802.0
399/1000
[ 1.5  4.5  7.5 10.5 13.5]
499561.0
400/1000
[ 1.5  4.5  7.5 10.5 13.5]
498667.0
401/1000
[ 1.5  4.5  7.5 10.5 13.5]
500204.0
402/1000
[ 1.5  4.5  7.5 10.5 13.5]
501029.0
403/1000
[ 1.5  4.5  7.5 10.5 13.5]
500627.0
404/1000
[ 1.5  4.5  7.5 10.5 13.5]
499628.0
405/1000
[ 1.5  4.5  7.5 10.5 13.5]
499349.0
406/1000
[ 1.5  4.5  7.5 10.5 13.5]
500730.0
407/1000
[ 1.5  4.5  7.5 10.5 13.5]
500677.0
408/1000
[ 1.5  4.5  7.5 10.5 13.5]
500234.0
409/1000
[ 1.5  4.5  7.5 10.5 13.5]
501390.0
410/1000
[ 1.5  4.5  7.5 10.5 13.5]
500195.0
411/1000
[ 1.5  4.5  7.5 10.5 13.5]
500275.0
412/1000
[ 1.5  4.5  7.5 10.5 13.5]
500519.0
413/1000
[ 1.5  4.5  7.5 10.5 13.5]
499564.0
414/1000
[ 1.5  4.5  7.5 10.5 13.5]
499418.0
415/1000
[ 1.5  4.5  7.5 10.5 13.5]
500698.0
416/1000
[ 1.5  4.5  7.5 10.5 13.5]
501148.0
417/1000
[ 1.5  4.5  7.5 10.5 13.5]
500441.0
418/1000
[ 1.5  4.5  7.5 10.5 13.5]
500657.0
419/1000
[ 1.5  4.5  7.5 10.5 13.5]
500087.0
420/1000
[ 1.5  4.5  7.5 10.5 13.5]
499492.0
421/1000
[ 1.5  4.5  7.5 10.5 13.5]
500285.0
422/1000
[ 1.5  4.5  7.5 10.5 13.5]
500081.0
423/1000
[ 1.5  4.5  7.5 10.5 13.5]
499734.0
424/1000
[ 1.5  4.5  7.5 10.5 13.5]
499507.0
425/1000
[ 1.5  4.5  7.5 10.5 13.5]
500073.0
426/1000
[ 1.5  4.5  7.5 10.5 13.5]
500061.0
427/1000
[ 1.5  4.5  7.5 10.5 13.5]
498992.0
428/1000
[ 1.5  4.5  7.5 10.5 13.5]
499661.0
429/1000
[ 1.5  4.5  7.5 10.5 13.5]
501701.0
430/1000
[ 1.5  4.5  7.5 10.5 13.5]
499167.0
431/1000
[ 1.5  4.5  7.5 10.5 13.5]
500927.0
432/1000
[ 1.5  4.5  7.5 10.5 13.5]
500969.0
433/1000
[ 1.5  4.5  7.5 10.5 13.5]
498610.0
434/1000
[ 1.5  4.5  7.5 10.5 13.5]
499814.0
435/1000
[ 1.5  4.5  7.5 10.5 13.5]
499760.0
436/1000
[ 1.5  4.5  7.5 10.5 13.5]
500508.0
437/1000
[ 1.5  4.5  7.5 10.5 13.5]
499313.0
438/1000
[ 1.5  4.5  7.5 10.5 13.5]
499898.0
439/1000
[ 1.5  4.5  7.5 10.5 13.5]
499783.0
440/1000
[ 1.5  4.5  7.5 10.5 13.5]
499684.0
441/1000
[ 1.5  4.5  7.5 10.5 13.5]
500668.0
442/1000
[ 1.5  4.5  7.5 10.5 13.5]
500280.0
443/1000
[ 1.5  4.5  7.5 10.5 13.5]
500784.0
444/1000
[ 1.5  4.5  7.5 10.5 13.5]
500449.0
445/1000
[ 1.5  4.5  7.5 10.5 13.5]
500244.0
446/1000
[ 1.5  4.5  7.5 10.5 13.5]
501563.0
447/1000
[ 1.5  4.5  7.5 10.5 13.5]
499222.0
448/1000
[ 1.5  4.5  7.5 10.5 13.5]
499957.0
449/1000
[ 1.5  4.5  7.5 10.5 13.5]
500344.0
450/1000
[ 1.5  4.5  7.5 10.5 13.5]
500218.0
451/1000
[ 1.5  4.5  7.5 10.5 13.5]
500312.0
452/1000
[ 1.5  4.5  7.5 10.5 13.5]
500623.0
453/1000
[ 1.5  4.5  7.5 10.5 13.5]
500240.0
454/1000
[ 1.5  4.5  7.5 10.5 13.5]
499589.0
455/1000
[ 1.5  4.5  7.5 10.5 13.5]
499822.0
456/1000
[ 1.5  4.5  7.5 10.5 13.5]
500720.0
457/1000
[ 1.5  4.5  7.5 10.5 13.5]
498758.0
458/1000
[ 1.5  4.5  7.5 10.5 13.5]
499956.0
459/1000
[ 1.5  4.5  7.5 10.5 13.5]
499522.0
460/1000
[ 1.5  4.5  7.5 10.5 13.5]
499607.0
461/1000
[ 1.5  4.5  7.5 10.5 13.5]
501028.0
462/1000
[ 1.5  4.5  7.5 10.5 13.5]
499424.0
463/1000
[ 1.5  4.5  7.5 10.5 13.5]
499385.0
464/1000
[ 1.5  4.5  7.5 10.5 13.5]
501018.0
465/1000
[ 1.5  4.5  7.5 10.5 13.5]
499413.0
466/1000
[ 1.5  4.5  7.5 10.5 13.5]
501259.0
467/1000
[ 1.5  4.5  7.5 10.5 13.5]
499751.0
468/1000
[ 1.5  4.5  7.5 10.5 13.5]
499446.0
469/1000
[ 1.5  4.5  7.5 10.5 13.5]
500079.0
470/1000
[ 1.5  4.5  7.5 10.5 13.5]
500204.0
471/1000
[ 1.5  4.5  7.5 10.5 13.5]
500533.0
472/1000
[ 1.5  4.5  7.5 10.5 13.5]
499514.0
473/1000
[ 1.5  4.5  7.5 10.5 13.5]
500765.0
474/1000
[ 1.5  4.5  7.5 10.5 13.5]
499158.0
475/1000
[ 1.5  4.5  7.5 10.5 13.5]
500325.0
476/1000
[ 1.5  4.5  7.5 10.5 13.5]
499371.0
477/1000
[ 1.5  4.5  7.5 10.5 13.5]
500140.0
478/1000
[ 1.5  4.5  7.5 10.5 13.5]
499531.0
479/1000
[ 1.5  4.5  7.5 10.5 13.5]
499230.0
480/1000
[ 1.5  4.5  7.5 10.5 13.5]
498751.0
481/1000
[ 1.5  4.5  7.5 10.5 13.5]
499655.0
482/1000
[ 1.5  4.5  7.5 10.5 13.5]
500146.0
483/1000
[ 1.5  4.5  7.5 10.5 13.5]
498868.0
484/1000
[ 1.5  4.5  7.5 10.5 13.5]
499794.0
485/1000
[ 1.5  4.5  7.5 10.5 13.5]
499672.0
486/1000
[ 1.5  4.5  7.5 10.5 13.5]
500138.0
487/1000
[ 1.5  4.5  7.5 10.5 13.5]
500564.0
488/1000
[ 1.5  4.5  7.5 10.5 13.5]
500042.0
489/1000
[ 1.5  4.5  7.5 10.5 13.5]
500784.0
490/1000
[ 1.5  4.5  7.5 10.5 13.5]
499677.0
491/1000
[ 1.5  4.5  7.5 10.5 13.5]
499940.0
492/1000
[ 1.5  4.5  7.5 10.5 13.5]
500672.0
493/1000
[ 1.5  4.5  7.5 10.5 13.5]
500349.0
494/1000
[ 1.5  4.5  7.5 10.5 13.5]
500446.0
495/1000
[ 1.5  4.5  7.5 10.5 13.5]
500683.0
496/1000
[ 1.5  4.5  7.5 10.5 13.5]
499881.0
497/1000
[ 1.5  4.5  7.5 10.5 13.5]
499332.0
498/1000
[ 1.5  4.5  7.5 10.5 13.5]
500339.0
499/1000
[ 1.5  4.5  7.5 10.5 13.5]
498726.0
500/1000
[ 1.5  4.5  7.5 10.5 13.5]
498838.0
501/1000
[ 1.5  4.5  7.5 10.5 13.5]
500448.0
502/1000
[ 1.5  4.5  7.5 10.5 13.5]
500926.0
503/1000
[ 1.5  4.5  7.5 10.5 13.5]
500113.0
504/1000
[ 1.5  4.5  7.5 10.5 13.5]
499919.0
505/1000
[ 1.5  4.5  7.5 10.5 13.5]
499018.0
506/1000
[ 1.5  4.5  7.5 10.5 13.5]
500808.0
507/1000
[ 1.5  4.5  7.5 10.5 13.5]
500377.0
508/1000
[ 1.5  4.5  7.5 10.5 13.5]
497538.0
509/1000
[ 1.5  4.5  7.5 10.5 13.5]
500230.0
510/1000
[ 1.5  4.5  7.5 10.5 13.5]
500326.0
511/1000
[ 1.5  4.5  7.5 10.5 13.5]
499409.0
512/1000
[ 1.5  4.5  7.5 10.5 13.5]
499131.0
513/1000
[ 1.5  4.5  7.5 10.5 13.5]
499890.0
514/1000
[ 1.5  4.5  7.5 10.5 13.5]
500190.0
515/1000
[ 1.5  4.5  7.5 10.5 13.5]
499249.0
516/1000
[ 1.5  4.5  7.5 10.5 13.5]
499245.0
517/1000
[ 1.5  4.5  7.5 10.5 13.5]
500973.0
518/1000
[ 1.5  4.5  7.5 10.5 13.5]
499118.0
519/1000
[ 1.5  4.5  7.5 10.5 13.5]
499347.0
520/1000
[ 1.5  4.5  7.5 10.5 13.5]
500366.0
521/1000
[ 1.5  4.5  7.5 10.5 13.5]
501353.0
522/1000
[ 1.5  4.5  7.5 10.5 13.5]
499409.0
523/1000
[ 1.5  4.5  7.5 10.5 13.5]
500092.0
524/1000
[ 1.5  4.5  7.5 10.5 13.5]
500247.0
525/1000
[ 1.5  4.5  7.5 10.5 13.5]
499940.0
526/1000
[ 1.5  4.5  7.5 10.5 13.5]
499711.0
527/1000
[ 1.5  4.5  7.5 10.5 13.5]
500488.0
528/1000
[ 1.5  4.5  7.5 10.5 13.5]
499887.9999999999
529/1000
[ 1.5  4.5  7.5 10.5 13.5]
499645.0
530/1000
[ 1.5  4.5  7.5 10.5 13.5]
499035.0
531/1000
[ 1.5  4.5  7.5 10.5 13.5]
499966.0
532/1000
[ 1.5  4.5  7.5 10.5 13.5]
499426.0
533/1000
[ 1.5  4.5  7.5 10.5 13.5]
499662.0
534/1000
[ 1.5  4.5  7.5 10.5 13.5]
499376.0
535/1000
[ 1.5  4.5  7.5 10.5 13.5]
500925.0
536/1000
[ 1.5  4.5  7.5 10.5 13.5]
500399.0
537/1000
[ 1.5  4.5  7.5 10.5 13.5]
500216.0
538/1000
[ 1.5  4.5  7.5 10.5 13.5]
500096.0
539/1000
[ 1.5  4.5  7.5 10.5 13.5]
498790.0
540/1000
[ 1.5  4.5  7.5 10.5 13.5]
499205.0
541/1000
[ 1.5  4.5  7.5 10.5 13.5]
500369.0
542/1000
[ 1.5  4.5  7.5 10.5 13.5]
499535.0
543/1000
[ 1.5  4.5  7.5 10.5 13.5]
500129.0
544/1000
[ 1.5  4.5  7.5 10.5 13.5]
500788.0
545/1000
[ 1.5  4.5  7.5 10.5 13.5]
499849.0
546/1000
[ 1.5  4.5  7.5 10.5 13.5]
500280.0
547/1000
[ 1.5  4.5  7.5 10.5 13.5]
500405.0
548/1000
[ 1.5  4.5  7.5 10.5 13.5]
500423.0
549/1000
[ 1.5  4.5  7.5 10.5 13.5]
499432.0
550/1000
[ 1.5  4.5  7.5 10.5 13.5]
500408.0
551/1000
[ 1.5  4.5  7.5 10.5 13.5]
499017.0
552/1000
[ 1.5  4.5  7.5 10.5 13.5]
498838.0
553/1000
[ 1.5  4.5  7.5 10.5 13.5]
500586.0
554/1000
[ 1.5  4.5  7.5 10.5 13.5]
499825.0
555/1000
[ 1.5  4.5  7.5 10.5 13.5]
499893.0
556/1000
[ 1.5  4.5  7.5 10.5 13.5]
500782.0
557/1000
[ 1.5  4.5  7.5 10.5 13.5]
499621.0
558/1000
[ 1.5  4.5  7.5 10.5 13.5]
500391.0
559/1000
[ 1.5  4.5  7.5 10.5 13.5]
499646.0
560/1000
[ 1.5  4.5  7.5 10.5 13.5]
499895.0
561/1000
[ 1.5  4.5  7.5 10.5 13.5]
499242.0
562/1000
[ 1.5  4.5  7.5 10.5 13.5]
500427.0
563/1000
[ 1.5  4.5  7.5 10.5 13.5]
499597.0
564/1000
[ 1.5  4.5  7.5 10.5 13.5]
498943.0
565/1000
[ 1.5  4.5  7.5 10.5 13.5]
499458.0
566/1000
[ 1.5  4.5  7.5 10.5 13.5]
500834.0
567/1000
[ 1.5  4.5  7.5 10.5 13.5]
500006.0
568/1000
[ 1.5  4.5  7.5 10.5 13.5]
499612.0
569/1000
[ 1.5  4.5  7.5 10.5 13.5]
498476.0
570/1000
[ 1.5  4.5  7.5 10.5 13.5]
500215.0
571/1000
[ 1.5  4.5  7.5 10.5 13.5]
499627.0
572/1000
[ 1.5  4.5  7.5 10.5 13.5]
500281.0
573/1000
[ 1.5  4.5  7.5 10.5 13.5]
499440.0
574/1000
[ 1.5  4.5  7.5 10.5 13.5]
498817.0
575/1000
[ 1.5  4.5  7.5 10.5 13.5]
500864.0
576/1000
[ 1.5  4.5  7.5 10.5 13.5]
500257.0
577/1000
[ 1.5  4.5  7.5 10.5 13.5]
500130.0
578/1000
[ 1.5  4.5  7.5 10.5 13.5]
499422.0
579/1000
[ 1.5  4.5  7.5 10.5 13.5]
500359.0
580/1000
[ 1.5  4.5  7.5 10.5 13.5]
499101.0
581/1000
[ 1.5  4.5  7.5 10.5 13.5]
499750.0
582/1000
[ 1.5  4.5  7.5 10.5 13.5]
499835.0
583/1000
[ 1.5  4.5  7.5 10.5 13.5]
500727.0
584/1000
[ 1.5  4.5  7.5 10.5 13.5]
499055.0
585/1000
[ 1.5  4.5  7.5 10.5 13.5]
499336.0
586/1000
[ 1.5  4.5  7.5 10.5 13.5]
499000.0
587/1000
[ 1.5  4.5  7.5 10.5 13.5]
500486.0
588/1000
[ 1.5  4.5  7.5 10.5 13.5]
499803.0
589/1000
[ 1.5  4.5  7.5 10.5 13.5]
499231.0
590/1000
[ 1.5  4.5  7.5 10.5 13.5]
500116.0
591/1000
[ 1.5  4.5  7.5 10.5 13.5]
501400.0
592/1000
[ 1.5  4.5  7.5 10.5 13.5]
499946.0
593/1000
[ 1.5  4.5  7.5 10.5 13.5]
500672.0
594/1000
[ 1.5  4.5  7.5 10.5 13.5]
499866.0
595/1000
[ 1.5  4.5  7.5 10.5 13.5]
499697.0
596/1000
[ 1.5  4.5  7.5 10.5 13.5]
499946.0
597/1000
[ 1.5  4.5  7.5 10.5 13.5]
499254.0
598/1000
[ 1.5  4.5  7.5 10.5 13.5]
499250.0
599/1000
[ 1.5  4.5  7.5 10.5 13.5]
500543.0
600/1000
[ 1.5  4.5  7.5 10.5 13.5]
500574.0
601/1000
[ 1.5  4.5  7.5 10.5 13.5]
498598.0
602/1000
[ 1.5  4.5  7.5 10.5 13.5]
500063.0
603/1000
[ 1.5  4.5  7.5 10.5 13.5]
499155.0
604/1000
[ 1.5  4.5  7.5 10.5 13.5]
498613.0
605/1000
[ 1.5  4.5  7.5 10.5 13.5]
499108.0
606/1000
[ 1.5  4.5  7.5 10.5 13.5]
499990.0
607/1000
[ 1.5  4.5  7.5 10.5 13.5]
500995.0
608/1000
[ 1.5  4.5  7.5 10.5 13.5]
501147.0
609/1000
[ 1.5  4.5  7.5 10.5 13.5]
500301.0
610/1000
[ 1.5  4.5  7.5 10.5 13.5]
499473.0
611/1000
[ 1.5  4.5  7.5 10.5 13.5]
499050.0
612/1000
[ 1.5  4.5  7.5 10.5 13.5]
500306.0
613/1000
[ 1.5  4.5  7.5 10.5 13.5]
500232.0
614/1000
[ 1.5  4.5  7.5 10.5 13.5]
498978.0
615/1000
[ 1.5  4.5  7.5 10.5 13.5]
499872.0
616/1000
[ 1.5  4.5  7.5 10.5 13.5]
499943.0
617/1000
[ 1.5  4.5  7.5 10.5 13.5]
499795.0
618/1000
[ 1.5  4.5  7.5 10.5 13.5]
499398.0
619/1000
[ 1.5  4.5  7.5 10.5 13.5]
499748.0
620/1000
[ 1.5  4.5  7.5 10.5 13.5]
500141.0
621/1000
[ 1.5  4.5  7.5 10.5 13.5]
500196.0
622/1000
[ 1.5  4.5  7.5 10.5 13.5]
500911.0
623/1000
[ 1.5  4.5  7.5 10.5 13.5]
500358.0
624/1000
[ 1.5  4.5  7.5 10.5 13.5]
497729.0
625/1000
[ 1.5  4.5  7.5 10.5 13.5]
502118.0
626/1000
[ 1.5  4.5  7.5 10.5 13.5]
500936.0
627/1000
[ 1.5  4.5  7.5 10.5 13.5]
499646.0
628/1000
[ 1.5  4.5  7.5 10.5 13.5]
499939.0
629/1000
[ 1.5  4.5  7.5 10.5 13.5]
499436.0
630/1000
[ 1.5  4.5  7.5 10.5 13.5]
500340.0
631/1000
[ 1.5  4.5  7.5 10.5 13.5]
500317.0
632/1000
[ 1.5  4.5  7.5 10.5 13.5]
500156.0
633/1000
[ 1.5  4.5  7.5 10.5 13.5]
500306.0
634/1000
[ 1.5  4.5  7.5 10.5 13.5]
499271.0
635/1000
[ 1.5  4.5  7.5 10.5 13.5]
499358.0
636/1000
[ 1.5  4.5  7.5 10.5 13.5]
499446.0
637/1000
[ 1.5  4.5  7.5 10.5 13.5]
500735.0
638/1000
[ 1.5  4.5  7.5 10.5 13.5]
498913.0
639/1000
[ 1.5  4.5  7.5 10.5 13.5]
499766.0
640/1000
[ 1.5  4.5  7.5 10.5 13.5]
501861.0
641/1000
[ 1.5  4.5  7.5 10.5 13.5]
500131.0
642/1000
[ 1.5  4.5  7.5 10.5 13.5]
500571.0
643/1000
[ 1.5  4.5  7.5 10.5 13.5]
500777.0
644/1000
[ 1.5  4.5  7.5 10.5 13.5]
499953.0
645/1000
[ 1.5  4.5  7.5 10.5 13.5]
500731.0
646/1000
[ 1.5  4.5  7.5 10.5 13.5]
500081.0
647/1000
[ 1.5  4.5  7.5 10.5 13.5]
499264.0
648/1000
[ 1.5  4.5  7.5 10.5 13.5]
500422.0
649/1000
[ 1.5  4.5  7.5 10.5 13.5]
500596.0
650/1000
[ 1.5  4.5  7.5 10.5 13.5]
499813.0
651/1000
[ 1.5  4.5  7.5 10.5 13.5]
500009.0
652/1000
[ 1.5  4.5  7.5 10.5 13.5]
501301.0
653/1000
[ 1.5  4.5  7.5 10.5 13.5]
500703.0
654/1000
[ 1.5  4.5  7.5 10.5 13.5]
500610.0
655/1000
[ 1.5  4.5  7.5 10.5 13.5]
498954.0
656/1000
[ 1.5  4.5  7.5 10.5 13.5]
499880.0
657/1000
[ 1.5  4.5  7.5 10.5 13.5]
500132.0
658/1000
[ 1.5  4.5  7.5 10.5 13.5]
500126.0
659/1000
[ 1.5  4.5  7.5 10.5 13.5]
500601.0
660/1000
[ 1.5  4.5  7.5 10.5 13.5]
500468.0
661/1000
[ 1.5  4.5  7.5 10.5 13.5]
499608.0
662/1000
[ 1.5  4.5  7.5 10.5 13.5]
500329.0
663/1000
[ 1.5  4.5  7.5 10.5 13.5]
499272.0
664/1000
[ 1.5  4.5  7.5 10.5 13.5]
499009.0
665/1000
[ 1.5  4.5  7.5 10.5 13.5]
499503.0
666/1000
[ 1.5  4.5  7.5 10.5 13.5]
500315.0
667/1000
[ 1.5  4.5  7.5 10.5 13.5]
500336.0
668/1000
[ 1.5  4.5  7.5 10.5 13.5]
499315.0
669/1000
[ 1.5  4.5  7.5 10.5 13.5]
500084.0
670/1000
[ 1.5  4.5  7.5 10.5 13.5]
499934.0
671/1000
[ 1.5  4.5  7.5 10.5 13.5]
500267.0
672/1000
[ 1.5  4.5  7.5 10.5 13.5]
499273.0
673/1000
[ 1.5  4.5  7.5 10.5 13.5]
500361.0
674/1000
[ 1.5  4.5  7.5 10.5 13.5]
499720.0
675/1000
[ 1.5  4.5  7.5 10.5 13.5]
501040.0
676/1000
[ 1.5  4.5  7.5 10.5 13.5]
500105.0
677/1000
[ 1.5  4.5  7.5 10.5 13.5]
500025.0
678/1000
[ 1.5  4.5  7.5 10.5 13.5]
500064.0
679/1000
[ 1.5  4.5  7.5 10.5 13.5]
499349.0
680/1000
[ 1.5  4.5  7.5 10.5 13.5]
500195.0
681/1000
[ 1.5  4.5  7.5 10.5 13.5]
501171.0
682/1000
[ 1.5  4.5  7.5 10.5 13.5]
500329.0
683/1000
[ 1.5  4.5  7.5 10.5 13.5]
499737.0
684/1000
[ 1.5  4.5  7.5 10.5 13.5]
500457.0
685/1000
[ 1.5  4.5  7.5 10.5 13.5]
499191.0
686/1000
[ 1.5  4.5  7.5 10.5 13.5]
499493.0
687/1000
[ 1.5  4.5  7.5 10.5 13.5]
500396.0
688/1000
[ 1.5  4.5  7.5 10.5 13.5]
499622.0
689/1000
[ 1.5  4.5  7.5 10.5 13.5]
500249.0
690/1000
[ 1.5  4.5  7.5 10.5 13.5]
500909.0
691/1000
[ 1.5  4.5  7.5 10.5 13.5]
499618.0
692/1000
[ 1.5  4.5  7.5 10.5 13.5]
500632.0
693/1000
[ 1.5  4.5  7.5 10.5 13.5]
500056.0
694/1000
[ 1.5  4.5  7.5 10.5 13.5]
499960.0
695/1000
[ 1.5  4.5  7.5 10.5 13.5]
499906.0
696/1000
[ 1.5  4.5  7.5 10.5 13.5]
499474.0
697/1000
[ 1.5  4.5  7.5 10.5 13.5]
499260.0
698/1000
[ 1.5  4.5  7.5 10.5 13.5]
500270.0
699/1000
[ 1.5  4.5  7.5 10.5 13.5]
499633.0
700/1000
[ 1.5  4.5  7.5 10.5 13.5]
500721.0
701/1000
[ 1.5  4.5  7.5 10.5 13.5]
500530.0
702/1000
[ 1.5  4.5  7.5 10.5 13.5]
499710.0
703/1000
[ 1.5  4.5  7.5 10.5 13.5]
499545.0
704/1000
[ 1.5  4.5  7.5 10.5 13.5]
498665.9999999999
705/1000
[ 1.5  4.5  7.5 10.5 13.5]
498655.0
706/1000
[ 1.5  4.5  7.5 10.5 13.5]
500948.0
707/1000
[ 1.5  4.5  7.5 10.5 13.5]
501275.0
708/1000
[ 1.5  4.5  7.5 10.5 13.5]
499072.0
709/1000
[ 1.5  4.5  7.5 10.5 13.5]
500544.0
710/1000
[ 1.5  4.5  7.5 10.5 13.5]
500552.0
711/1000
[ 1.5  4.5  7.5 10.5 13.5]
499970.0
712/1000
[ 1.5  4.5  7.5 10.5 13.5]
499815.0
713/1000
[ 1.5  4.5  7.5 10.5 13.5]
500459.0
714/1000
[ 1.5  4.5  7.5 10.5 13.5]
499793.0
715/1000
[ 1.5  4.5  7.5 10.5 13.5]
501231.0
716/1000
[ 1.5  4.5  7.5 10.5 13.5]
500401.0
717/1000
[ 1.5  4.5  7.5 10.5 13.5]
500679.0
718/1000
[ 1.5  4.5  7.5 10.5 13.5]
500512.0
719/1000
[ 1.5  4.5  7.5 10.5 13.5]
500372.0
720/1000
[ 1.5  4.5  7.5 10.5 13.5]
497780.0
721/1000
[ 1.5  4.5  7.5 10.5 13.5]
499709.0
722/1000
[ 1.5  4.5  7.5 10.5 13.5]
500475.0
723/1000
[ 1.5  4.5  7.5 10.5 13.5]
499857.0
724/1000
[ 1.5  4.5  7.5 10.5 13.5]
499256.0
725/1000
[ 1.5  4.5  7.5 10.5 13.5]
499973.0
726/1000
[ 1.5  4.5  7.5 10.5 13.5]
500012.0
727/1000
[ 1.5  4.5  7.5 10.5 13.5]
500830.0
728/1000
[ 1.5  4.5  7.5 10.5 13.5]
499787.0
729/1000
[ 1.5  4.5  7.5 10.5 13.5]
499598.0
730/1000
[ 1.5  4.5  7.5 10.5 13.5]
498237.0
731/1000
[ 1.5  4.5  7.5 10.5 13.5]
500565.0
732/1000
[ 1.5  4.5  7.5 10.5 13.5]
500495.0
733/1000
[ 1.5  4.5  7.5 10.5 13.5]
500424.0
734/1000
[ 1.5  4.5  7.5 10.5 13.5]
499496.0
735/1000
[ 1.5  4.5  7.5 10.5 13.5]
498917.0
736/1000
[ 1.5  4.5  7.5 10.5 13.5]
499616.0
737/1000
[ 1.5  4.5  7.5 10.5 13.5]
499908.0
738/1000
[ 1.5  4.5  7.5 10.5 13.5]
499324.0
739/1000
[ 1.5  4.5  7.5 10.5 13.5]
500036.0
740/1000
[ 1.5  4.5  7.5 10.5 13.5]
500585.0
741/1000
[ 1.5  4.5  7.5 10.5 13.5]
499429.0
742/1000
[ 1.5  4.5  7.5 10.5 13.5]
499305.0
743/1000
[ 1.5  4.5  7.5 10.5 13.5]
498805.0
744/1000
[ 1.5  4.5  7.5 10.5 13.5]
500733.0
745/1000
[ 1.5  4.5  7.5 10.5 13.5]
500469.0
746/1000
[ 1.5  4.5  7.5 10.5 13.5]
499468.0
747/1000
[ 1.5  4.5  7.5 10.5 13.5]
499698.0
748/1000
[ 1.5  4.5  7.5 10.5 13.5]
499823.0
749/1000
[ 1.5  4.5  7.5 10.5 13.5]
500650.0
750/1000
[ 1.5  4.5  7.5 10.5 13.5]
499813.0
751/1000
[ 1.5  4.5  7.5 10.5 13.5]
499491.0
752/1000
[ 1.5  4.5  7.5 10.5 13.5]
499426.0
753/1000
[ 1.5  4.5  7.5 10.5 13.5]
499572.0
754/1000
[ 1.5  4.5  7.5 10.5 13.5]
501592.0
755/1000
[ 1.5  4.5  7.5 10.5 13.5]
500615.0
756/1000
[ 1.5  4.5  7.5 10.5 13.5]
500373.0
757/1000
[ 1.5  4.5  7.5 10.5 13.5]
498813.0
758/1000
[ 1.5  4.5  7.5 10.5 13.5]
499657.0
759/1000
[ 1.5  4.5  7.5 10.5 13.5]
501051.0
760/1000
[ 1.5  4.5  7.5 10.5 13.5]
499803.0
761/1000
[ 1.5  4.5  7.5 10.5 13.5]
499731.0
762/1000
[ 1.5  4.5  7.5 10.5 13.5]
500082.0
763/1000
[ 1.5  4.5  7.5 10.5 13.5]
500192.0
764/1000
[ 1.5  4.5  7.5 10.5 13.5]
500214.0
765/1000
[ 1.5  4.5  7.5 10.5 13.5]
499779.0
766/1000
[ 1.5  4.5  7.5 10.5 13.5]
500967.0
767/1000
[ 1.5  4.5  7.5 10.5 13.5]
500760.0
768/1000
[ 1.5  4.5  7.5 10.5 13.5]
500458.0
769/1000
[ 1.5  4.5  7.5 10.5 13.5]
499407.0
770/1000
[ 1.5  4.5  7.5 10.5 13.5]
499986.0
771/1000
[ 1.5  4.5  7.5 10.5 13.5]
500046.0
772/1000
[ 1.5  4.5  7.5 10.5 13.5]
500141.0
773/1000
[ 1.5  4.5  7.5 10.5 13.5]
499671.0
774/1000
[ 1.5  4.5  7.5 10.5 13.5]
500238.0
775/1000
[ 1.5  4.5  7.5 10.5 13.5]
499936.0
776/1000
[ 1.5  4.5  7.5 10.5 13.5]
499919.9999999999
777/1000
[ 1.5  4.5  7.5 10.5 13.5]
500443.0
778/1000
[ 1.5  4.5  7.5 10.5 13.5]
501073.0
779/1000
[ 1.5  4.5  7.5 10.5 13.5]
501212.0
780/1000
[ 1.5  4.5  7.5 10.5 13.5]
501595.0
781/1000
[ 1.5  4.5  7.5 10.5 13.5]
499544.0
782/1000
[ 1.5  4.5  7.5 10.5 13.5]
500284.0
783/1000
[ 1.5  4.5  7.5 10.5 13.5]
498734.0
784/1000
[ 1.5  4.5  7.5 10.5 13.5]
499914.0
785/1000
[ 1.5  4.5  7.5 10.5 13.5]
500909.0
786/1000
[ 1.5  4.5  7.5 10.5 13.5]
500380.0
787/1000
[ 1.5  4.5  7.5 10.5 13.5]
500615.0
788/1000
[ 1.5  4.5  7.5 10.5 13.5]
500281.0
789/1000
[ 1.5  4.5  7.5 10.5 13.5]
500609.0
790/1000
[ 1.5  4.5  7.5 10.5 13.5]
499830.0
791/1000
[ 1.5  4.5  7.5 10.5 13.5]
499833.0
792/1000
[ 1.5  4.5  7.5 10.5 13.5]
499728.0
793/1000
[ 1.5  4.5  7.5 10.5 13.5]
499222.0
794/1000
[ 1.5  4.5  7.5 10.5 13.5]
499965.0
795/1000
[ 1.5  4.5  7.5 10.5 13.5]
498450.0
796/1000
[ 1.5  4.5  7.5 10.5 13.5]
500197.0
797/1000
[ 1.5  4.5  7.5 10.5 13.5]
500277.0
798/1000
[ 1.5  4.5  7.5 10.5 13.5]
501482.0
799/1000
[ 1.5  4.5  7.5 10.5 13.5]
500367.0
800/1000
[ 1.5  4.5  7.5 10.5 13.5]
500343.0
801/1000
[ 1.5  4.5  7.5 10.5 13.5]
500590.0
802/1000
[ 1.5  4.5  7.5 10.5 13.5]
501102.0
803/1000
[ 1.5  4.5  7.5 10.5 13.5]
501470.0
804/1000
[ 1.5  4.5  7.5 10.5 13.5]
498920.0
805/1000
[ 1.5  4.5  7.5 10.5 13.5]
500190.0
806/1000
[ 1.5  4.5  7.5 10.5 13.5]
499394.0
807/1000
[ 1.5  4.5  7.5 10.5 13.5]
500444.0
808/1000
[ 1.5  4.5  7.5 10.5 13.5]
500414.0
809/1000
[ 1.5  4.5  7.5 10.5 13.5]
500453.0
810/1000
[ 1.5  4.5  7.5 10.5 13.5]
500187.0
811/1000
[ 1.5  4.5  7.5 10.5 13.5]
499321.0
812/1000
[ 1.5  4.5  7.5 10.5 13.5]
499598.0
813/1000
[ 1.5  4.5  7.5 10.5 13.5]
501299.0
814/1000
[ 1.5  4.5  7.5 10.5 13.5]
499992.0
815/1000
[ 1.5  4.5  7.5 10.5 13.5]
498854.0
816/1000
[ 1.5  4.5  7.5 10.5 13.5]
499840.0
817/1000
[ 1.5  4.5  7.5 10.5 13.5]
500247.0
818/1000
[ 1.5  4.5  7.5 10.5 13.5]
500973.0
819/1000
[ 1.5  4.5  7.5 10.5 13.5]
498216.0
820/1000
[ 1.5  4.5  7.5 10.5 13.5]
499710.0
821/1000
[ 1.5  4.5  7.5 10.5 13.5]
498938.0
822/1000
[ 1.5  4.5  7.5 10.5 13.5]
499721.0
823/1000
[ 1.5  4.5  7.5 10.5 13.5]
502147.0
824/1000
[ 1.5  4.5  7.5 10.5 13.5]
499550.0
825/1000
[ 1.5  4.5  7.5 10.5 13.5]
499534.0
826/1000
[ 1.5  4.5  7.5 10.5 13.5]
500847.0
827/1000
[ 1.5  4.5  7.5 10.5 13.5]
500393.0
828/1000
[ 1.5  4.5  7.5 10.5 13.5]
500039.0
829/1000
[ 1.5  4.5  7.5 10.5 13.5]
499266.0
830/1000
[ 1.5  4.5  7.5 10.5 13.5]
499938.0
831/1000
[ 1.5  4.5  7.5 10.5 13.5]
499724.0
832/1000
[ 1.5  4.5  7.5 10.5 13.5]
500121.0
833/1000
[ 1.5  4.5  7.5 10.5 13.5]
499475.0
834/1000
[ 1.5  4.5  7.5 10.5 13.5]
500650.0
835/1000
[ 1.5  4.5  7.5 10.5 13.5]
499891.0
836/1000
[ 1.5  4.5  7.5 10.5 13.5]
499873.0
837/1000
[ 1.5  4.5  7.5 10.5 13.5]
500256.0
838/1000
[ 1.5  4.5  7.5 10.5 13.5]
498489.0
839/1000
[ 1.5  4.5  7.5 10.5 13.5]
500599.0
840/1000
[ 1.5  4.5  7.5 10.5 13.5]
498556.0
841/1000
[ 1.5  4.5  7.5 10.5 13.5]
499377.0
842/1000
[ 1.5  4.5  7.5 10.5 13.5]
500165.0
843/1000
[ 1.5  4.5  7.5 10.5 13.5]
500148.0
844/1000
[ 1.5  4.5  7.5 10.5 13.5]
499558.0
845/1000
[ 1.5  4.5  7.5 10.5 13.5]
499387.0
846/1000
[ 1.5  4.5  7.5 10.5 13.5]
499371.0
847/1000
[ 1.5  4.5  7.5 10.5 13.5]
499831.0
848/1000
[ 1.5  4.5  7.5 10.5 13.5]
499114.0
849/1000
[ 1.5  4.5  7.5 10.5 13.5]
499126.0
850/1000
[ 1.5  4.5  7.5 10.5 13.5]
499662.0
851/1000
[ 1.5  4.5  7.5 10.5 13.5]
500344.0
852/1000
[ 1.5  4.5  7.5 10.5 13.5]
499373.0
853/1000
[ 1.5  4.5  7.5 10.5 13.5]
501344.0
854/1000
[ 1.5  4.5  7.5 10.5 13.5]
500697.0
855/1000
[ 1.5  4.5  7.5 10.5 13.5]
499755.0
856/1000
[ 1.5  4.5  7.5 10.5 13.5]
500824.0
857/1000
[ 1.5  4.5  7.5 10.5 13.5]
499577.0
858/1000
[ 1.5  4.5  7.5 10.5 13.5]
499430.0
859/1000
[ 1.5  4.5  7.5 10.5 13.5]
499802.0
860/1000
[ 1.5  4.5  7.5 10.5 13.5]
500288.0
861/1000
[ 1.5  4.5  7.5 10.5 13.5]
499439.0
862/1000
[ 1.5  4.5  7.5 10.5 13.5]
501084.0
863/1000
[ 1.5  4.5  7.5 10.5 13.5]
499887.0
864/1000
[ 1.5  4.5  7.5 10.5 13.5]
499341.0
865/1000
[ 1.5  4.5  7.5 10.5 13.5]
499142.0
866/1000
[ 1.5  4.5  7.5 10.5 13.5]
499475.0
867/1000
[ 1.5  4.5  7.5 10.5 13.5]
500756.0
868/1000
[ 1.5  4.5  7.5 10.5 13.5]
499956.0
869/1000
[ 1.5  4.5  7.5 10.5 13.5]
501099.0
870/1000
[ 1.5  4.5  7.5 10.5 13.5]
500182.0
871/1000
[ 1.5  4.5  7.5 10.5 13.5]
499558.0
872/1000
[ 1.5  4.5  7.5 10.5 13.5]
501053.0
873/1000
[ 1.5  4.5  7.5 10.5 13.5]
500817.0
874/1000
[ 1.5  4.5  7.5 10.5 13.5]
501136.0
875/1000
[ 1.5  4.5  7.5 10.5 13.5]
499885.0
876/1000
[ 1.5  4.5  7.5 10.5 13.5]
499819.0
877/1000
[ 1.5  4.5  7.5 10.5 13.5]
499825.0
878/1000
[ 1.5  4.5  7.5 10.5 13.5]
498494.0
879/1000
[ 1.5  4.5  7.5 10.5 13.5]
500126.0
880/1000
[ 1.5  4.5  7.5 10.5 13.5]
500322.0
881/1000
[ 1.5  4.5  7.5 10.5 13.5]
501307.0
882/1000
[ 1.5  4.5  7.5 10.5 13.5]
499797.0
883/1000
[ 1.5  4.5  7.5 10.5 13.5]
499943.0
884/1000
[ 1.5  4.5  7.5 10.5 13.5]
499301.0
885/1000
[ 1.5  4.5  7.5 10.5 13.5]
499944.0
886/1000
[ 1.5  4.5  7.5 10.5 13.5]
499561.0
887/1000
[ 1.5  4.5  7.5 10.5 13.5]
500426.0
888/1000
[ 1.5  4.5  7.5 10.5 13.5]
500276.0
889/1000
[ 1.5  4.5  7.5 10.5 13.5]
500135.0
890/1000
[ 1.5  4.5  7.5 10.5 13.5]
499121.0
891/1000
[ 1.5  4.5  7.5 10.5 13.5]
499421.0
892/1000
[ 1.5  4.5  7.5 10.5 13.5]
499799.0
893/1000
[ 1.5  4.5  7.5 10.5 13.5]
499446.0
894/1000
[ 1.5  4.5  7.5 10.5 13.5]
499294.0
895/1000
[ 1.5  4.5  7.5 10.5 13.5]
499474.0
896/1000
[ 1.5  4.5  7.5 10.5 13.5]
499729.0
897/1000
[ 1.5  4.5  7.5 10.5 13.5]
500864.0
898/1000
[ 1.5  4.5  7.5 10.5 13.5]
500400.0
899/1000
[ 1.5  4.5  7.5 10.5 13.5]
501049.0
900/1000
[ 1.5  4.5  7.5 10.5 13.5]
499921.0
901/1000
[ 1.5  4.5  7.5 10.5 13.5]
499537.0
902/1000
[ 1.5  4.5  7.5 10.5 13.5]
500659.0
903/1000
[ 1.5  4.5  7.5 10.5 13.5]
500576.0
904/1000
[ 1.5  4.5  7.5 10.5 13.5]
499557.0
905/1000
[ 1.5  4.5  7.5 10.5 13.5]
499668.0
906/1000
[ 1.5  4.5  7.5 10.5 13.5]
500524.0
907/1000
[ 1.5  4.5  7.5 10.5 13.5]
500007.0
908/1000
[ 1.5  4.5  7.5 10.5 13.5]
500187.0
909/1000
[ 1.5  4.5  7.5 10.5 13.5]
499591.0
910/1000
[ 1.5  4.5  7.5 10.5 13.5]
500426.0
911/1000
[ 1.5  4.5  7.5 10.5 13.5]
501014.0
912/1000
[ 1.5  4.5  7.5 10.5 13.5]
500423.0
913/1000
[ 1.5  4.5  7.5 10.5 13.5]
499468.0
914/1000
[ 1.5  4.5  7.5 10.5 13.5]
499791.0
915/1000
[ 1.5  4.5  7.5 10.5 13.5]
500304.0
916/1000
[ 1.5  4.5  7.5 10.5 13.5]
499162.0
917/1000
[ 1.5  4.5  7.5 10.5 13.5]
498842.0
918/1000
[ 1.5  4.5  7.5 10.5 13.5]
500668.0
919/1000
[ 1.5  4.5  7.5 10.5 13.5]
499891.0
920/1000
[ 1.5  4.5  7.5 10.5 13.5]
498751.0
921/1000
[ 1.5  4.5  7.5 10.5 13.5]
499523.0
922/1000
[ 1.5  4.5  7.5 10.5 13.5]
499284.0
923/1000
[ 1.5  4.5  7.5 10.5 13.5]
498578.0
924/1000
[ 1.5  4.5  7.5 10.5 13.5]
500383.0
925/1000
[ 1.5  4.5  7.5 10.5 13.5]
499865.0
926/1000
[ 1.5  4.5  7.5 10.5 13.5]
500241.0
927/1000
[ 1.5  4.5  7.5 10.5 13.5]
500153.0
928/1000
[ 1.5  4.5  7.5 10.5 13.5]
499850.0
929/1000
[ 1.5  4.5  7.5 10.5 13.5]
499363.0
930/1000
[ 1.5  4.5  7.5 10.5 13.5]
500140.0
931/1000
[ 1.5  4.5  7.5 10.5 13.5]
500691.0
932/1000
[ 1.5  4.5  7.5 10.5 13.5]
499880.0
933/1000
[ 1.5  4.5  7.5 10.5 13.5]
498998.0
934/1000
[ 1.5  4.5  7.5 10.5 13.5]
499385.0
935/1000
[ 1.5  4.5  7.5 10.5 13.5]
499946.0
936/1000
[ 1.5  4.5  7.5 10.5 13.5]
500273.0
937/1000
[ 1.5  4.5  7.5 10.5 13.5]
501441.0
938/1000
[ 1.5  4.5  7.5 10.5 13.5]
499571.0
939/1000
[ 1.5  4.5  7.5 10.5 13.5]
499345.0
940/1000
[ 1.5  4.5  7.5 10.5 13.5]
501252.0
941/1000
[ 1.5  4.5  7.5 10.5 13.5]
500325.0
942/1000
[ 1.5  4.5  7.5 10.5 13.5]
499745.0
943/1000
[ 1.5  4.5  7.5 10.5 13.5]
500023.0
944/1000
[ 1.5  4.5  7.5 10.5 13.5]
499072.0
945/1000
[ 1.5  4.5  7.5 10.5 13.5]
498712.0
946/1000
[ 1.5  4.5  7.5 10.5 13.5]
500360.0
947/1000
[ 1.5  4.5  7.5 10.5 13.5]
500333.0
948/1000
[ 1.5  4.5  7.5 10.5 13.5]
499085.0
949/1000
[ 1.5  4.5  7.5 10.5 13.5]
499206.0
950/1000
[ 1.5  4.5  7.5 10.5 13.5]
499619.0
951/1000
[ 1.5  4.5  7.5 10.5 13.5]
498104.0
952/1000
[ 1.5  4.5  7.5 10.5 13.5]
500113.0
953/1000
[ 1.5  4.5  7.5 10.5 13.5]
499289.0
954/1000
[ 1.5  4.5  7.5 10.5 13.5]
499498.0
955/1000
[ 1.5  4.5  7.5 10.5 13.5]
499184.0
956/1000
[ 1.5  4.5  7.5 10.5 13.5]
499751.0
957/1000
[ 1.5  4.5  7.5 10.5 13.5]
501344.0
958/1000
[ 1.5  4.5  7.5 10.5 13.5]
500368.0
959/1000
[ 1.5  4.5  7.5 10.5 13.5]
498382.0
960/1000
[ 1.5  4.5  7.5 10.5 13.5]
498297.0
961/1000
[ 1.5  4.5  7.5 10.5 13.5]
499225.0
962/1000
[ 1.5  4.5  7.5 10.5 13.5]
499728.0
963/1000
[ 1.5  4.5  7.5 10.5 13.5]
499715.0
964/1000
[ 1.5  4.5  7.5 10.5 13.5]
499654.0
965/1000
[ 1.5  4.5  7.5 10.5 13.5]
499793.0
966/1000
[ 1.5  4.5  7.5 10.5 13.5]
499604.0
967/1000
[ 1.5  4.5  7.5 10.5 13.5]
500433.0
968/1000
[ 1.5  4.5  7.5 10.5 13.5]
499762.0
969/1000
[ 1.5  4.5  7.5 10.5 13.5]
499845.0
970/1000
[ 1.5  4.5  7.5 10.5 13.5]
499718.0
971/1000
[ 1.5  4.5  7.5 10.5 13.5]
500061.0
972/1000
[ 1.5  4.5  7.5 10.5 13.5]
499703.0
973/1000
[ 1.5  4.5  7.5 10.5 13.5]
499968.0
974/1000
[ 1.5  4.5  7.5 10.5 13.5]
499723.0
975/1000
[ 1.5  4.5  7.5 10.5 13.5]
500710.0
976/1000
[ 1.5  4.5  7.5 10.5 13.5]
499876.0
977/1000
[ 1.5  4.5  7.5 10.5 13.5]
499760.0
978/1000
[ 1.5  4.5  7.5 10.5 13.5]
499766.0
979/1000
[ 1.5  4.5  7.5 10.5 13.5]
500108.0
980/1000
[ 1.5  4.5  7.5 10.5 13.5]
500003.0
981/1000
[ 1.5  4.5  7.5 10.5 13.5]
499518.0
982/1000
[ 1.5  4.5  7.5 10.5 13.5]
500349.0
983/1000
[ 1.5  4.5  7.5 10.5 13.5]
499625.0
984/1000
[ 1.5  4.5  7.5 10.5 13.5]
500167.0
985/1000
[ 1.5  4.5  7.5 10.5 13.5]
500789.0
986/1000
[ 1.5  4.5  7.5 10.5 13.5]
498731.0
987/1000
[ 1.5  4.5  7.5 10.5 13.5]
499685.0
988/1000
[ 1.5  4.5  7.5 10.5 13.5]
500655.0
989/1000
[ 1.5  4.5  7.5 10.5 13.5]
501118.0
990/1000
[ 1.5  4.5  7.5 10.5 13.5]
499734.0
991/1000
[ 1.5  4.5  7.5 10.5 13.5]
499241.0
992/1000
[ 1.5  4.5  7.5 10.5 13.5]
500492.0
993/1000
[ 1.5  4.5  7.5 10.5 13.5]
500431.0
994/1000
[ 1.5  4.5  7.5 10.5 13.5]
499620.0
995/1000
[ 1.5  4.5  7.5 10.5 13.5]
500822.0
996/1000
[ 1.5  4.5  7.5 10.5 13.5]
499729.0
997/1000
[ 1.5  4.5  7.5 10.5 13.5]
501680.0
998/1000
[ 1.5  4.5  7.5 10.5 13.5]
500568.0
999/1000
[ 1.5  4.5  7.5 10.5 13.5]
501201.0
1000/1000
[ 1.5  4.5  7.5 10.5 13.5]
499605.0
Done.
