Starting sim # 2
Loaded rubin/sw/tag/w_2023_27/loadLSST.bash
1/1000
[ 1.5  4.5  7.5 10.5 13.5]
299679.0
2/1000
[ 1.5  4.5  7.5 10.5 13.5]
299952.0
3/1000
[ 1.5  4.5  7.5 10.5 13.5]
301027.0
4/1000
[ 1.5  4.5  7.5 10.5 13.5]
300602.0
5/1000
[ 1.5  4.5  7.5 10.5 13.5]
299921.0
6/1000
[ 1.5  4.5  7.5 10.5 13.5]
300433.0
7/1000
[ 1.5  4.5  7.5 10.5 13.5]
299954.0
8/1000
[ 1.5  4.5  7.5 10.5 13.5]
299793.0
9/1000
[ 1.5  4.5  7.5 10.5 13.5]
299792.0
10/1000
[ 1.5  4.5  7.5 10.5 13.5]
299319.0
11/1000
[ 1.5  4.5  7.5 10.5 13.5]
299264.0
12/1000
[ 1.5  4.5  7.5 10.5 13.5]
299087.0
13/1000
[ 1.5  4.5  7.5 10.5 13.5]
300144.0
14/1000
[ 1.5  4.5  7.5 10.5 13.5]
300217.0
15/1000
[ 1.5  4.5  7.5 10.5 13.5]
300470.0
16/1000
[ 1.5  4.5  7.5 10.5 13.5]
300548.0
17/1000
[ 1.5  4.5  7.5 10.5 13.5]
300545.0
18/1000
[ 1.5  4.5  7.5 10.5 13.5]
299731.0
19/1000
[ 1.5  4.5  7.5 10.5 13.5]
301127.0
20/1000
[ 1.5  4.5  7.5 10.5 13.5]
299546.0
21/1000
[ 1.5  4.5  7.5 10.5 13.5]
301203.0
22/1000
[ 1.5  4.5  7.5 10.5 13.5]
299673.0
23/1000
[ 1.5  4.5  7.5 10.5 13.5]
300458.0
24/1000
[ 1.5  4.5  7.5 10.5 13.5]
300382.0
25/1000
[ 1.5  4.5  7.5 10.5 13.5]
300788.0
26/1000
[ 1.5  4.5  7.5 10.5 13.5]
299554.0
27/1000
[ 1.5  4.5  7.5 10.5 13.5]
299613.0
28/1000
[ 1.5  4.5  7.5 10.5 13.5]
299796.0
29/1000
[ 1.5  4.5  7.5 10.5 13.5]
301201.0
30/1000
[ 1.5  4.5  7.5 10.5 13.5]
299554.0
31/1000
[ 1.5  4.5  7.5 10.5 13.5]
300054.0
32/1000
[ 1.5  4.5  7.5 10.5 13.5]
299474.0
33/1000
[ 1.5  4.5  7.5 10.5 13.5]
300792.0
34/1000
[ 1.5  4.5  7.5 10.5 13.5]
299437.0
35/1000
[ 1.5  4.5  7.5 10.5 13.5]
300591.0
36/1000
[ 1.5  4.5  7.5 10.5 13.5]
300576.0
37/1000
[ 1.5  4.5  7.5 10.5 13.5]
299393.0
38/1000
[ 1.5  4.5  7.5 10.5 13.5]
299703.0
39/1000
[ 1.5  4.5  7.5 10.5 13.5]
299561.0
40/1000
[ 1.5  4.5  7.5 10.5 13.5]
300456.0
41/1000
[ 1.5  4.5  7.5 10.5 13.5]
299413.0
42/1000
[ 1.5  4.5  7.5 10.5 13.5]
298847.0
43/1000
[ 1.5  4.5  7.5 10.5 13.5]
300625.0
44/1000
[ 1.5  4.5  7.5 10.5 13.5]
299562.0
45/1000
[ 1.5  4.5  7.5 10.5 13.5]
301459.0
46/1000
[ 1.5  4.5  7.5 10.5 13.5]
300109.0
47/1000
[ 1.5  4.5  7.5 10.5 13.5]
300590.0
48/1000
[ 1.5  4.5  7.5 10.5 13.5]
300552.0
49/1000
[ 1.5  4.5  7.5 10.5 13.5]
299924.0
50/1000
[ 1.5  4.5  7.5 10.5 13.5]
300064.0
51/1000
[ 1.5  4.5  7.5 10.5 13.5]
300214.0
52/1000
[ 1.5  4.5  7.5 10.5 13.5]
299420.0
53/1000
[ 1.5  4.5  7.5 10.5 13.5]
300513.0
54/1000
[ 1.5  4.5  7.5 10.5 13.5]
300348.0
55/1000
[ 1.5  4.5  7.5 10.5 13.5]
299234.0
56/1000
[ 1.5  4.5  7.5 10.5 13.5]
299681.0
57/1000
[ 1.5  4.5  7.5 10.5 13.5]
300652.0
58/1000
[ 1.5  4.5  7.5 10.5 13.5]
299963.0
59/1000
[ 1.5  4.5  7.5 10.5 13.5]
300044.0
60/1000
[ 1.5  4.5  7.5 10.5 13.5]
299930.0
61/1000
[ 1.5  4.5  7.5 10.5 13.5]
299848.0
62/1000
[ 1.5  4.5  7.5 10.5 13.5]
299235.0
63/1000
[ 1.5  4.5  7.5 10.5 13.5]
299032.0
64/1000
[ 1.5  4.5  7.5 10.5 13.5]
300466.0
65/1000
[ 1.5  4.5  7.5 10.5 13.5]
299262.99999999994
66/1000
[ 1.5  4.5  7.5 10.5 13.5]
299661.0
67/1000
[ 1.5  4.5  7.5 10.5 13.5]
299776.0
68/1000
[ 1.5  4.5  7.5 10.5 13.5]
300654.0
69/1000
[ 1.5  4.5  7.5 10.5 13.5]
300571.0
70/1000
[ 1.5  4.5  7.5 10.5 13.5]
299345.0
71/1000
[ 1.5  4.5  7.5 10.5 13.5]
300188.0
72/1000
[ 1.5  4.5  7.5 10.5 13.5]
301288.0
73/1000
[ 1.5  4.5  7.5 10.5 13.5]
298981.0
74/1000
[ 1.5  4.5  7.5 10.5 13.5]
300117.0
75/1000
[ 1.5  4.5  7.5 10.5 13.5]
299942.0
76/1000
[ 1.5  4.5  7.5 10.5 13.5]
299950.0
77/1000
[ 1.5  4.5  7.5 10.5 13.5]
299896.0
78/1000
[ 1.5  4.5  7.5 10.5 13.5]
300020.0
79/1000
[ 1.5  4.5  7.5 10.5 13.5]
299849.0
80/1000
[ 1.5  4.5  7.5 10.5 13.5]
299355.0
81/1000
[ 1.5  4.5  7.5 10.5 13.5]
299892.0
82/1000
[ 1.5  4.5  7.5 10.5 13.5]
300403.0
83/1000
[ 1.5  4.5  7.5 10.5 13.5]
299967.0
84/1000
[ 1.5  4.5  7.5 10.5 13.5]
300235.0
85/1000
[ 1.5  4.5  7.5 10.5 13.5]
299439.0
86/1000
[ 1.5  4.5  7.5 10.5 13.5]
299519.0
87/1000
[ 1.5  4.5  7.5 10.5 13.5]
298774.0
88/1000
[ 1.5  4.5  7.5 10.5 13.5]
299944.0
89/1000
[ 1.5  4.5  7.5 10.5 13.5]
299654.0
90/1000
[ 1.5  4.5  7.5 10.5 13.5]
299954.0
91/1000
[ 1.5  4.5  7.5 10.5 13.5]
300144.0
92/1000
[ 1.5  4.5  7.5 10.5 13.5]
300259.0
93/1000
[ 1.5  4.5  7.5 10.5 13.5]
300065.0
94/1000
[ 1.5  4.5  7.5 10.5 13.5]
300460.0
95/1000
[ 1.5  4.5  7.5 10.5 13.5]
299301.0
96/1000
[ 1.5  4.5  7.5 10.5 13.5]
298961.0
97/1000
[ 1.5  4.5  7.5 10.5 13.5]
299283.0
98/1000
[ 1.5  4.5  7.5 10.5 13.5]
300498.0
99/1000
[ 1.5  4.5  7.5 10.5 13.5]
299951.0
100/1000
[ 1.5  4.5  7.5 10.5 13.5]
299631.0
101/1000
[ 1.5  4.5  7.5 10.5 13.5]
299502.0
102/1000
[ 1.5  4.5  7.5 10.5 13.5]
300297.0
103/1000
[ 1.5  4.5  7.5 10.5 13.5]
300320.0
104/1000
[ 1.5  4.5  7.5 10.5 13.5]
299630.0
105/1000
[ 1.5  4.5  7.5 10.5 13.5]
299136.0
106/1000
[ 1.5  4.5  7.5 10.5 13.5]
300543.0
107/1000
[ 1.5  4.5  7.5 10.5 13.5]
299806.0
108/1000
[ 1.5  4.5  7.5 10.5 13.5]
301181.0
109/1000
[ 1.5  4.5  7.5 10.5 13.5]
299608.0
110/1000
[ 1.5  4.5  7.5 10.5 13.5]
300189.0
111/1000
[ 1.5  4.5  7.5 10.5 13.5]
299916.0
112/1000
[ 1.5  4.5  7.5 10.5 13.5]
299896.0
113/1000
[ 1.5  4.5  7.5 10.5 13.5]
299425.0
114/1000
[ 1.5  4.5  7.5 10.5 13.5]
299548.0
115/1000
[ 1.5  4.5  7.5 10.5 13.5]
299728.0
116/1000
[ 1.5  4.5  7.5 10.5 13.5]
300153.0
117/1000
[ 1.5  4.5  7.5 10.5 13.5]
299681.0
118/1000
[ 1.5  4.5  7.5 10.5 13.5]
300369.0
119/1000
[ 1.5  4.5  7.5 10.5 13.5]
300150.0
120/1000
[ 1.5  4.5  7.5 10.5 13.5]
300045.0
121/1000
[ 1.5  4.5  7.5 10.5 13.5]
298960.0
122/1000
[ 1.5  4.5  7.5 10.5 13.5]
299702.0
123/1000
[ 1.5  4.5  7.5 10.5 13.5]
299503.0
124/1000
[ 1.5  4.5  7.5 10.5 13.5]
300131.0
125/1000
[ 1.5  4.5  7.5 10.5 13.5]
300103.0
126/1000
[ 1.5  4.5  7.5 10.5 13.5]
300660.0
127/1000
[ 1.5  4.5  7.5 10.5 13.5]
300000.0
128/1000
[ 1.5  4.5  7.5 10.5 13.5]
300595.0
129/1000
[ 1.5  4.5  7.5 10.5 13.5]
300526.0
130/1000
[ 1.5  4.5  7.5 10.5 13.5]
298915.0
131/1000
[ 1.5  4.5  7.5 10.5 13.5]
300872.0
132/1000
[ 1.5  4.5  7.5 10.5 13.5]
299923.0
133/1000
[ 1.5  4.5  7.5 10.5 13.5]
299599.0
134/1000
[ 1.5  4.5  7.5 10.5 13.5]
298670.0
135/1000
[ 1.5  4.5  7.5 10.5 13.5]
300884.0
136/1000
[ 1.5  4.5  7.5 10.5 13.5]
300703.0
137/1000
[ 1.5  4.5  7.5 10.5 13.5]
299456.0
138/1000
[ 1.5  4.5  7.5 10.5 13.5]
300148.0
139/1000
[ 1.5  4.5  7.5 10.5 13.5]
300342.0
140/1000
[ 1.5  4.5  7.5 10.5 13.5]
300669.0
141/1000
[ 1.5  4.5  7.5 10.5 13.5]
300644.0
142/1000
[ 1.5  4.5  7.5 10.5 13.5]
299728.0
143/1000
[ 1.5  4.5  7.5 10.5 13.5]
299542.0
144/1000
[ 1.5  4.5  7.5 10.5 13.5]
300008.0
145/1000
[ 1.5  4.5  7.5 10.5 13.5]
300072.0
146/1000
[ 1.5  4.5  7.5 10.5 13.5]
300105.0
147/1000
[ 1.5  4.5  7.5 10.5 13.5]
301015.0
148/1000
[ 1.5  4.5  7.5 10.5 13.5]
299844.0
149/1000
[ 1.5  4.5  7.5 10.5 13.5]
300129.0
150/1000
[ 1.5  4.5  7.5 10.5 13.5]
298973.0
151/1000
[ 1.5  4.5  7.5 10.5 13.5]
300382.0
152/1000
[ 1.5  4.5  7.5 10.5 13.5]
300347.0
153/1000
[ 1.5  4.5  7.5 10.5 13.5]
299390.0
154/1000
[ 1.5  4.5  7.5 10.5 13.5]
299464.0
155/1000
[ 1.5  4.5  7.5 10.5 13.5]
299922.0
156/1000
[ 1.5  4.5  7.5 10.5 13.5]
299464.0
157/1000
[ 1.5  4.5  7.5 10.5 13.5]
300341.0
158/1000
[ 1.5  4.5  7.5 10.5 13.5]
299561.0
159/1000
[ 1.5  4.5  7.5 10.5 13.5]
299992.0
160/1000
[ 1.5  4.5  7.5 10.5 13.5]
300043.0
161/1000
[ 1.5  4.5  7.5 10.5 13.5]
299701.0
162/1000
[ 1.5  4.5  7.5 10.5 13.5]
300353.0
163/1000
[ 1.5  4.5  7.5 10.5 13.5]
299101.0
164/1000
[ 1.5  4.5  7.5 10.5 13.5]
299998.0
165/1000
[ 1.5  4.5  7.5 10.5 13.5]
300183.0
166/1000
[ 1.5  4.5  7.5 10.5 13.5]
299718.0
167/1000
[ 1.5  4.5  7.5 10.5 13.5]
299329.0
168/1000
[ 1.5  4.5  7.5 10.5 13.5]
300361.0
169/1000
[ 1.5  4.5  7.5 10.5 13.5]
299409.0
170/1000
[ 1.5  4.5  7.5 10.5 13.5]
301400.0
171/1000
[ 1.5  4.5  7.5 10.5 13.5]
299895.0
172/1000
[ 1.5  4.5  7.5 10.5 13.5]
300452.0
173/1000
[ 1.5  4.5  7.5 10.5 13.5]
300312.0
174/1000
[ 1.5  4.5  7.5 10.5 13.5]
300085.0
175/1000
[ 1.5  4.5  7.5 10.5 13.5]
299589.0
176/1000
[ 1.5  4.5  7.5 10.5 13.5]
299871.0
177/1000
[ 1.5  4.5  7.5 10.5 13.5]
300476.0
178/1000
[ 1.5  4.5  7.5 10.5 13.5]
300189.0
179/1000
[ 1.5  4.5  7.5 10.5 13.5]
300574.0
180/1000
[ 1.5  4.5  7.5 10.5 13.5]
300310.0
181/1000
[ 1.5  4.5  7.5 10.5 13.5]
300259.0
182/1000
[ 1.5  4.5  7.5 10.5 13.5]
299255.0
183/1000
[ 1.5  4.5  7.5 10.5 13.5]
299408.0
184/1000
[ 1.5  4.5  7.5 10.5 13.5]
299185.0
185/1000
[ 1.5  4.5  7.5 10.5 13.5]
300281.0
186/1000
[ 1.5  4.5  7.5 10.5 13.5]
300274.0
187/1000
[ 1.5  4.5  7.5 10.5 13.5]
299636.0
188/1000
[ 1.5  4.5  7.5 10.5 13.5]
300091.0
189/1000
[ 1.5  4.5  7.5 10.5 13.5]
299444.0
190/1000
[ 1.5  4.5  7.5 10.5 13.5]
299679.0
191/1000
[ 1.5  4.5  7.5 10.5 13.5]
299544.0
192/1000
[ 1.5  4.5  7.5 10.5 13.5]
299865.0
193/1000
[ 1.5  4.5  7.5 10.5 13.5]
300920.0
194/1000
[ 1.5  4.5  7.5 10.5 13.5]
299257.0
195/1000
[ 1.5  4.5  7.5 10.5 13.5]
299780.0
196/1000
[ 1.5  4.5  7.5 10.5 13.5]
299778.0
197/1000
[ 1.5  4.5  7.5 10.5 13.5]
299534.0
198/1000
[ 1.5  4.5  7.5 10.5 13.5]
299283.0
199/1000
[ 1.5  4.5  7.5 10.5 13.5]
300087.0
200/1000
[ 1.5  4.5  7.5 10.5 13.5]
299699.0
201/1000
[ 1.5  4.5  7.5 10.5 13.5]
300906.0
202/1000
[ 1.5  4.5  7.5 10.5 13.5]
300861.0
203/1000
[ 1.5  4.5  7.5 10.5 13.5]
301373.0
204/1000
[ 1.5  4.5  7.5 10.5 13.5]
299909.0
205/1000
[ 1.5  4.5  7.5 10.5 13.5]
299386.0
206/1000
[ 1.5  4.5  7.5 10.5 13.5]
300217.0
207/1000
[ 1.5  4.5  7.5 10.5 13.5]
299625.0
208/1000
[ 1.5  4.5  7.5 10.5 13.5]
299730.0
209/1000
[ 1.5  4.5  7.5 10.5 13.5]
299769.0
210/1000
[ 1.5  4.5  7.5 10.5 13.5]
299478.0
211/1000
[ 1.5  4.5  7.5 10.5 13.5]
300632.0
212/1000
[ 1.5  4.5  7.5 10.5 13.5]
299894.0
213/1000
[ 1.5  4.5  7.5 10.5 13.5]
299898.0
214/1000
[ 1.5  4.5  7.5 10.5 13.5]
299192.0
215/1000
[ 1.5  4.5  7.5 10.5 13.5]
299790.0
216/1000
[ 1.5  4.5  7.5 10.5 13.5]
299603.0
217/1000
[ 1.5  4.5  7.5 10.5 13.5]
299259.0
218/1000
[ 1.5  4.5  7.5 10.5 13.5]
300632.0
219/1000
[ 1.5  4.5  7.5 10.5 13.5]
300196.0
220/1000
[ 1.5  4.5  7.5 10.5 13.5]
300829.0
221/1000
[ 1.5  4.5  7.5 10.5 13.5]
300173.0
222/1000
[ 1.5  4.5  7.5 10.5 13.5]
300175.0
223/1000
[ 1.5  4.5  7.5 10.5 13.5]
300195.0
224/1000
[ 1.5  4.5  7.5 10.5 13.5]
300342.0
225/1000
[ 1.5  4.5  7.5 10.5 13.5]
299873.0
226/1000
[ 1.5  4.5  7.5 10.5 13.5]
300515.0
227/1000
[ 1.5  4.5  7.5 10.5 13.5]
300749.0
228/1000
[ 1.5  4.5  7.5 10.5 13.5]
300849.0
229/1000
[ 1.5  4.5  7.5 10.5 13.5]
300202.0
230/1000
[ 1.5  4.5  7.5 10.5 13.5]
300940.0
231/1000
[ 1.5  4.5  7.5 10.5 13.5]
299498.0
232/1000
[ 1.5  4.5  7.5 10.5 13.5]
300620.0
233/1000
[ 1.5  4.5  7.5 10.5 13.5]
301260.0
234/1000
[ 1.5  4.5  7.5 10.5 13.5]
300349.0
235/1000
[ 1.5  4.5  7.5 10.5 13.5]
299871.99999999994
236/1000
[ 1.5  4.5  7.5 10.5 13.5]
299939.0
237/1000
[ 1.5  4.5  7.5 10.5 13.5]
300384.0
238/1000
[ 1.5  4.5  7.5 10.5 13.5]
299633.0
239/1000
[ 1.5  4.5  7.5 10.5 13.5]
299865.0
240/1000
[ 1.5  4.5  7.5 10.5 13.5]
299740.0
241/1000
[ 1.5  4.5  7.5 10.5 13.5]
300577.0
242/1000
[ 1.5  4.5  7.5 10.5 13.5]
301053.0
243/1000
[ 1.5  4.5  7.5 10.5 13.5]
299525.0
244/1000
[ 1.5  4.5  7.5 10.5 13.5]
300126.0
245/1000
[ 1.5  4.5  7.5 10.5 13.5]
300322.0
246/1000
[ 1.5  4.5  7.5 10.5 13.5]
299836.0
247/1000
[ 1.5  4.5  7.5 10.5 13.5]
299943.0
248/1000
[ 1.5  4.5  7.5 10.5 13.5]
299929.0
249/1000
[ 1.5  4.5  7.5 10.5 13.5]
299878.0
250/1000
[ 1.5  4.5  7.5 10.5 13.5]
299104.0
251/1000
[ 1.5  4.5  7.5 10.5 13.5]
300878.0
252/1000
[ 1.5  4.5  7.5 10.5 13.5]
300615.0
253/1000
[ 1.5  4.5  7.5 10.5 13.5]
300334.0
254/1000
[ 1.5  4.5  7.5 10.5 13.5]
299607.0
255/1000
[ 1.5  4.5  7.5 10.5 13.5]
300131.0
256/1000
[ 1.5  4.5  7.5 10.5 13.5]
299479.0
257/1000
[ 1.5  4.5  7.5 10.5 13.5]
299710.0
258/1000
[ 1.5  4.5  7.5 10.5 13.5]
299926.0
259/1000
[ 1.5  4.5  7.5 10.5 13.5]
299973.0
260/1000
[ 1.5  4.5  7.5 10.5 13.5]
299735.0
261/1000
[ 1.5  4.5  7.5 10.5 13.5]
299837.0
262/1000
[ 1.5  4.5  7.5 10.5 13.5]
300248.0
263/1000
[ 1.5  4.5  7.5 10.5 13.5]
299896.0
264/1000
[ 1.5  4.5  7.5 10.5 13.5]
299941.0
265/1000
[ 1.5  4.5  7.5 10.5 13.5]
299507.0
266/1000
[ 1.5  4.5  7.5 10.5 13.5]
299492.0
267/1000
[ 1.5  4.5  7.5 10.5 13.5]
299459.0
268/1000
[ 1.5  4.5  7.5 10.5 13.5]
300669.0
269/1000
[ 1.5  4.5  7.5 10.5 13.5]
300346.0
270/1000
[ 1.5  4.5  7.5 10.5 13.5]
300012.0
271/1000
[ 1.5  4.5  7.5 10.5 13.5]
300411.0
272/1000
[ 1.5  4.5  7.5 10.5 13.5]
299883.0
273/1000
[ 1.5  4.5  7.5 10.5 13.5]
299870.0
274/1000
[ 1.5  4.5  7.5 10.5 13.5]
300299.0
275/1000
[ 1.5  4.5  7.5 10.5 13.5]
299689.0
276/1000
[ 1.5  4.5  7.5 10.5 13.5]
299654.0
277/1000
[ 1.5  4.5  7.5 10.5 13.5]
299716.0
278/1000
[ 1.5  4.5  7.5 10.5 13.5]
299370.0
279/1000
[ 1.5  4.5  7.5 10.5 13.5]
300605.0
280/1000
[ 1.5  4.5  7.5 10.5 13.5]
301222.0
281/1000
[ 1.5  4.5  7.5 10.5 13.5]
300475.0
282/1000
[ 1.5  4.5  7.5 10.5 13.5]
299932.0
283/1000
[ 1.5  4.5  7.5 10.5 13.5]
299206.0
284/1000
[ 1.5  4.5  7.5 10.5 13.5]
300338.0
285/1000
[ 1.5  4.5  7.5 10.5 13.5]
300102.0
286/1000
[ 1.5  4.5  7.5 10.5 13.5]
300305.0
287/1000
[ 1.5  4.5  7.5 10.5 13.5]
300157.0
288/1000
[ 1.5  4.5  7.5 10.5 13.5]
300092.0
289/1000
[ 1.5  4.5  7.5 10.5 13.5]
300126.0
290/1000
[ 1.5  4.5  7.5 10.5 13.5]
300477.0
291/1000
[ 1.5  4.5  7.5 10.5 13.5]
300267.0
292/1000
[ 1.5  4.5  7.5 10.5 13.5]
300658.0
293/1000
[ 1.5  4.5  7.5 10.5 13.5]
300084.0
294/1000
[ 1.5  4.5  7.5 10.5 13.5]
299880.0
295/1000
[ 1.5  4.5  7.5 10.5 13.5]
300840.0
296/1000
[ 1.5  4.5  7.5 10.5 13.5]
300122.0
297/1000
[ 1.5  4.5  7.5 10.5 13.5]
299593.0
298/1000
[ 1.5  4.5  7.5 10.5 13.5]
300119.0
299/1000
[ 1.5  4.5  7.5 10.5 13.5]
300179.0
300/1000
[ 1.5  4.5  7.5 10.5 13.5]
300662.0
301/1000
[ 1.5  4.5  7.5 10.5 13.5]
299974.0
302/1000
[ 1.5  4.5  7.5 10.5 13.5]
299847.0
303/1000
[ 1.5  4.5  7.5 10.5 13.5]
300709.0
304/1000
[ 1.5  4.5  7.5 10.5 13.5]
299645.0
305/1000
[ 1.5  4.5  7.5 10.5 13.5]
300643.0
306/1000
[ 1.5  4.5  7.5 10.5 13.5]
300253.0
307/1000
[ 1.5  4.5  7.5 10.5 13.5]
299087.0
308/1000
[ 1.5  4.5  7.5 10.5 13.5]
298701.0
309/1000
[ 1.5  4.5  7.5 10.5 13.5]
298720.0
310/1000
[ 1.5  4.5  7.5 10.5 13.5]
299634.0
311/1000
[ 1.5  4.5  7.5 10.5 13.5]
300162.0
312/1000
[ 1.5  4.5  7.5 10.5 13.5]
300006.0
313/1000
[ 1.5  4.5  7.5 10.5 13.5]
299794.0
314/1000
[ 1.5  4.5  7.5 10.5 13.5]
299658.0
315/1000
[ 1.5  4.5  7.5 10.5 13.5]
300961.0
316/1000
[ 1.5  4.5  7.5 10.5 13.5]
299903.0
317/1000
[ 1.5  4.5  7.5 10.5 13.5]
300934.0
318/1000
[ 1.5  4.5  7.5 10.5 13.5]
300981.0
319/1000
[ 1.5  4.5  7.5 10.5 13.5]
300090.0
320/1000
[ 1.5  4.5  7.5 10.5 13.5]
299470.0
321/1000
[ 1.5  4.5  7.5 10.5 13.5]
299311.0
322/1000
[ 1.5  4.5  7.5 10.5 13.5]
300333.0
323/1000
[ 1.5  4.5  7.5 10.5 13.5]
299959.0
324/1000
[ 1.5  4.5  7.5 10.5 13.5]
299970.0
325/1000
[ 1.5  4.5  7.5 10.5 13.5]
300001.0
326/1000
[ 1.5  4.5  7.5 10.5 13.5]
299447.0
327/1000
[ 1.5  4.5  7.5 10.5 13.5]
299553.0
328/1000
[ 1.5  4.5  7.5 10.5 13.5]
300160.0
329/1000
[ 1.5  4.5  7.5 10.5 13.5]
300783.0
330/1000
[ 1.5  4.5  7.5 10.5 13.5]
298952.0
331/1000
[ 1.5  4.5  7.5 10.5 13.5]
300531.0
332/1000
[ 1.5  4.5  7.5 10.5 13.5]
300594.0
333/1000
[ 1.5  4.5  7.5 10.5 13.5]
299842.0
334/1000
[ 1.5  4.5  7.5 10.5 13.5]
299918.0
335/1000
[ 1.5  4.5  7.5 10.5 13.5]
300332.0
336/1000
[ 1.5  4.5  7.5 10.5 13.5]
299509.0
337/1000
[ 1.5  4.5  7.5 10.5 13.5]
299376.99999999994
338/1000
[ 1.5  4.5  7.5 10.5 13.5]
300117.0
339/1000
[ 1.5  4.5  7.5 10.5 13.5]
300864.0
340/1000
[ 1.5  4.5  7.5 10.5 13.5]
299929.0
341/1000
[ 1.5  4.5  7.5 10.5 13.5]
300582.0
342/1000
[ 1.5  4.5  7.5 10.5 13.5]
299585.0
343/1000
[ 1.5  4.5  7.5 10.5 13.5]
300514.0
344/1000
[ 1.5  4.5  7.5 10.5 13.5]
300343.0
345/1000
[ 1.5  4.5  7.5 10.5 13.5]
300132.0
346/1000
[ 1.5  4.5  7.5 10.5 13.5]
300531.0
347/1000
[ 1.5  4.5  7.5 10.5 13.5]
299622.0
348/1000
[ 1.5  4.5  7.5 10.5 13.5]
300088.0
349/1000
[ 1.5  4.5  7.5 10.5 13.5]
299592.0
350/1000
[ 1.5  4.5  7.5 10.5 13.5]
301177.0
351/1000
[ 1.5  4.5  7.5 10.5 13.5]
299505.0
352/1000
[ 1.5  4.5  7.5 10.5 13.5]
299131.0
353/1000
[ 1.5  4.5  7.5 10.5 13.5]
299953.0
354/1000
[ 1.5  4.5  7.5 10.5 13.5]
299055.0
355/1000
[ 1.5  4.5  7.5 10.5 13.5]
300387.0
356/1000
[ 1.5  4.5  7.5 10.5 13.5]
300101.0
357/1000
[ 1.5  4.5  7.5 10.5 13.5]
301790.0
358/1000
[ 1.5  4.5  7.5 10.5 13.5]
299680.0
359/1000
[ 1.5  4.5  7.5 10.5 13.5]
300103.0
360/1000
[ 1.5  4.5  7.5 10.5 13.5]
299727.0
361/1000
[ 1.5  4.5  7.5 10.5 13.5]
300890.0
362/1000
[ 1.5  4.5  7.5 10.5 13.5]
300331.0
363/1000
[ 1.5  4.5  7.5 10.5 13.5]
300126.0
364/1000
[ 1.5  4.5  7.5 10.5 13.5]
300649.0
365/1000
[ 1.5  4.5  7.5 10.5 13.5]
299939.0
366/1000
[ 1.5  4.5  7.5 10.5 13.5]
299650.0
367/1000
[ 1.5  4.5  7.5 10.5 13.5]
300075.0
368/1000
[ 1.5  4.5  7.5 10.5 13.5]
299434.0
369/1000
[ 1.5  4.5  7.5 10.5 13.5]
299331.0
370/1000
[ 1.5  4.5  7.5 10.5 13.5]
300529.0
371/1000
[ 1.5  4.5  7.5 10.5 13.5]
299735.0
372/1000
[ 1.5  4.5  7.5 10.5 13.5]
299892.0
373/1000
[ 1.5  4.5  7.5 10.5 13.5]
299777.0
374/1000
[ 1.5  4.5  7.5 10.5 13.5]
299289.0
375/1000
[ 1.5  4.5  7.5 10.5 13.5]
300018.0
376/1000
[ 1.5  4.5  7.5 10.5 13.5]
300427.0
377/1000
[ 1.5  4.5  7.5 10.5 13.5]
299246.0
378/1000
[ 1.5  4.5  7.5 10.5 13.5]
299239.0
379/1000
[ 1.5  4.5  7.5 10.5 13.5]
300365.0
380/1000
[ 1.5  4.5  7.5 10.5 13.5]
300245.0
381/1000
[ 1.5  4.5  7.5 10.5 13.5]
300489.0
382/1000
[ 1.5  4.5  7.5 10.5 13.5]
299362.0
383/1000
[ 1.5  4.5  7.5 10.5 13.5]
300666.0
384/1000
[ 1.5  4.5  7.5 10.5 13.5]
300889.0
385/1000
[ 1.5  4.5  7.5 10.5 13.5]
300019.0
386/1000
[ 1.5  4.5  7.5 10.5 13.5]
299200.0
387/1000
[ 1.5  4.5  7.5 10.5 13.5]
299949.0
388/1000
[ 1.5  4.5  7.5 10.5 13.5]
300064.0
389/1000
[ 1.5  4.5  7.5 10.5 13.5]
300108.0
390/1000
[ 1.5  4.5  7.5 10.5 13.5]
299924.0
391/1000
[ 1.5  4.5  7.5 10.5 13.5]
299290.0
392/1000
[ 1.5  4.5  7.5 10.5 13.5]
299780.0
393/1000
[ 1.5  4.5  7.5 10.5 13.5]
300206.0
394/1000
[ 1.5  4.5  7.5 10.5 13.5]
298846.0
395/1000
[ 1.5  4.5  7.5 10.5 13.5]
299167.0
396/1000
[ 1.5  4.5  7.5 10.5 13.5]
298868.0
397/1000
[ 1.5  4.5  7.5 10.5 13.5]
299625.0
398/1000
[ 1.5  4.5  7.5 10.5 13.5]
300034.0
399/1000
[ 1.5  4.5  7.5 10.5 13.5]
300974.0
400/1000
[ 1.5  4.5  7.5 10.5 13.5]
299657.0
401/1000
[ 1.5  4.5  7.5 10.5 13.5]
299806.0
402/1000
[ 1.5  4.5  7.5 10.5 13.5]
299308.0
403/1000
[ 1.5  4.5  7.5 10.5 13.5]
299808.0
404/1000
[ 1.5  4.5  7.5 10.5 13.5]
300036.0
405/1000
[ 1.5  4.5  7.5 10.5 13.5]
300068.0
406/1000
[ 1.5  4.5  7.5 10.5 13.5]
300292.0
407/1000
[ 1.5  4.5  7.5 10.5 13.5]
300406.0
408/1000
[ 1.5  4.5  7.5 10.5 13.5]
299882.0
409/1000
[ 1.5  4.5  7.5 10.5 13.5]
299895.0
410/1000
[ 1.5  4.5  7.5 10.5 13.5]
299884.0
411/1000
[ 1.5  4.5  7.5 10.5 13.5]
300221.0
412/1000
[ 1.5  4.5  7.5 10.5 13.5]
299522.0
413/1000
[ 1.5  4.5  7.5 10.5 13.5]
299484.0
414/1000
[ 1.5  4.5  7.5 10.5 13.5]
299632.0
415/1000
[ 1.5  4.5  7.5 10.5 13.5]
299999.0
416/1000
[ 1.5  4.5  7.5 10.5 13.5]
300004.0
417/1000
[ 1.5  4.5  7.5 10.5 13.5]
299526.0
418/1000
[ 1.5  4.5  7.5 10.5 13.5]
300090.0
419/1000
[ 1.5  4.5  7.5 10.5 13.5]
300155.0
420/1000
[ 1.5  4.5  7.5 10.5 13.5]
299841.0
421/1000
[ 1.5  4.5  7.5 10.5 13.5]
299502.0
422/1000
[ 1.5  4.5  7.5 10.5 13.5]
300098.0
423/1000
[ 1.5  4.5  7.5 10.5 13.5]
300044.0
424/1000
[ 1.5  4.5  7.5 10.5 13.5]
299311.0
425/1000
[ 1.5  4.5  7.5 10.5 13.5]
300134.0
426/1000
[ 1.5  4.5  7.5 10.5 13.5]
299528.0
427/1000
[ 1.5  4.5  7.5 10.5 13.5]
299745.0
428/1000
[ 1.5  4.5  7.5 10.5 13.5]
299721.0
429/1000
[ 1.5  4.5  7.5 10.5 13.5]
299530.0
430/1000
[ 1.5  4.5  7.5 10.5 13.5]
300082.0
431/1000
[ 1.5  4.5  7.5 10.5 13.5]
301099.0
432/1000
[ 1.5  4.5  7.5 10.5 13.5]
299753.0
433/1000
[ 1.5  4.5  7.5 10.5 13.5]
300478.0
434/1000
[ 1.5  4.5  7.5 10.5 13.5]
299785.0
435/1000
[ 1.5  4.5  7.5 10.5 13.5]
300255.0
436/1000
[ 1.5  4.5  7.5 10.5 13.5]
300471.0
437/1000
[ 1.5  4.5  7.5 10.5 13.5]
300883.0
438/1000
[ 1.5  4.5  7.5 10.5 13.5]
300328.0
439/1000
[ 1.5  4.5  7.5 10.5 13.5]
301341.0
440/1000
[ 1.5  4.5  7.5 10.5 13.5]
300268.0
441/1000
[ 1.5  4.5  7.5 10.5 13.5]
300119.0
442/1000
[ 1.5  4.5  7.5 10.5 13.5]
299508.0
443/1000
[ 1.5  4.5  7.5 10.5 13.5]
299704.0
444/1000
[ 1.5  4.5  7.5 10.5 13.5]
300426.0
445/1000
[ 1.5  4.5  7.5 10.5 13.5]
300343.0
446/1000
[ 1.5  4.5  7.5 10.5 13.5]
300674.0
447/1000
[ 1.5  4.5  7.5 10.5 13.5]
299666.0
448/1000
[ 1.5  4.5  7.5 10.5 13.5]
299851.0
449/1000
[ 1.5  4.5  7.5 10.5 13.5]
300269.0
450/1000
[ 1.5  4.5  7.5 10.5 13.5]
300194.0
451/1000
[ 1.5  4.5  7.5 10.5 13.5]
300278.0
452/1000
[ 1.5  4.5  7.5 10.5 13.5]
299854.0
453/1000
[ 1.5  4.5  7.5 10.5 13.5]
299343.0
454/1000
[ 1.5  4.5  7.5 10.5 13.5]
300152.0
455/1000
[ 1.5  4.5  7.5 10.5 13.5]
300194.0
456/1000
[ 1.5  4.5  7.5 10.5 13.5]
300176.0
457/1000
[ 1.5  4.5  7.5 10.5 13.5]
299089.0
458/1000
[ 1.5  4.5  7.5 10.5 13.5]
299926.0
459/1000
[ 1.5  4.5  7.5 10.5 13.5]
299753.0
460/1000
[ 1.5  4.5  7.5 10.5 13.5]
299649.0
461/1000
[ 1.5  4.5  7.5 10.5 13.5]
299418.0
462/1000
[ 1.5  4.5  7.5 10.5 13.5]
299566.0
463/1000
[ 1.5  4.5  7.5 10.5 13.5]
300062.0
464/1000
[ 1.5  4.5  7.5 10.5 13.5]
299779.0
465/1000
[ 1.5  4.5  7.5 10.5 13.5]
299685.0
466/1000
[ 1.5  4.5  7.5 10.5 13.5]
300749.0
467/1000
[ 1.5  4.5  7.5 10.5 13.5]
300068.0
468/1000
[ 1.5  4.5  7.5 10.5 13.5]
300196.0
469/1000
[ 1.5  4.5  7.5 10.5 13.5]
300062.0
470/1000
[ 1.5  4.5  7.5 10.5 13.5]
300480.0
471/1000
[ 1.5  4.5  7.5 10.5 13.5]
299855.0
472/1000
[ 1.5  4.5  7.5 10.5 13.5]
299941.0
473/1000
[ 1.5  4.5  7.5 10.5 13.5]
300656.0
474/1000
[ 1.5  4.5  7.5 10.5 13.5]
298956.0
475/1000
[ 1.5  4.5  7.5 10.5 13.5]
299580.0
476/1000
[ 1.5  4.5  7.5 10.5 13.5]
298892.0
477/1000
[ 1.5  4.5  7.5 10.5 13.5]
299900.0
478/1000
[ 1.5  4.5  7.5 10.5 13.5]
300163.0
479/1000
[ 1.5  4.5  7.5 10.5 13.5]
299986.0
480/1000
[ 1.5  4.5  7.5 10.5 13.5]
299981.0
481/1000
[ 1.5  4.5  7.5 10.5 13.5]
299807.0
482/1000
[ 1.5  4.5  7.5 10.5 13.5]
299517.0
483/1000
[ 1.5  4.5  7.5 10.5 13.5]
300006.0
484/1000
[ 1.5  4.5  7.5 10.5 13.5]
300022.0
485/1000
[ 1.5  4.5  7.5 10.5 13.5]
299890.0
486/1000
[ 1.5  4.5  7.5 10.5 13.5]
300347.0
487/1000
[ 1.5  4.5  7.5 10.5 13.5]
300554.0
488/1000
[ 1.5  4.5  7.5 10.5 13.5]
299919.0
489/1000
[ 1.5  4.5  7.5 10.5 13.5]
300100.0
490/1000
[ 1.5  4.5  7.5 10.5 13.5]
299580.0
491/1000
[ 1.5  4.5  7.5 10.5 13.5]
299560.0
492/1000
[ 1.5  4.5  7.5 10.5 13.5]
300510.0
493/1000
[ 1.5  4.5  7.5 10.5 13.5]
299482.0
494/1000
[ 1.5  4.5  7.5 10.5 13.5]
299704.0
495/1000
[ 1.5  4.5  7.5 10.5 13.5]
300232.0
496/1000
[ 1.5  4.5  7.5 10.5 13.5]
299327.0
497/1000
[ 1.5  4.5  7.5 10.5 13.5]
300624.0
498/1000
[ 1.5  4.5  7.5 10.5 13.5]
299354.0
499/1000
[ 1.5  4.5  7.5 10.5 13.5]
300038.0
500/1000
[ 1.5  4.5  7.5 10.5 13.5]
299187.0
501/1000
[ 1.5  4.5  7.5 10.5 13.5]
299939.0
502/1000
[ 1.5  4.5  7.5 10.5 13.5]
298527.0
503/1000
[ 1.5  4.5  7.5 10.5 13.5]
299917.0
504/1000
[ 1.5  4.5  7.5 10.5 13.5]
300072.0
505/1000
[ 1.5  4.5  7.5 10.5 13.5]
299674.0
506/1000
[ 1.5  4.5  7.5 10.5 13.5]
299751.0
507/1000
[ 1.5  4.5  7.5 10.5 13.5]
300232.0
508/1000
[ 1.5  4.5  7.5 10.5 13.5]
298778.0
509/1000
[ 1.5  4.5  7.5 10.5 13.5]
300556.0
510/1000
[ 1.5  4.5  7.5 10.5 13.5]
300982.0
511/1000
[ 1.5  4.5  7.5 10.5 13.5]
299689.0
512/1000
[ 1.5  4.5  7.5 10.5 13.5]
300956.0
513/1000
[ 1.5  4.5  7.5 10.5 13.5]
299797.0
514/1000
[ 1.5  4.5  7.5 10.5 13.5]
300541.0
515/1000
[ 1.5  4.5  7.5 10.5 13.5]
299617.0
516/1000
[ 1.5  4.5  7.5 10.5 13.5]
299984.0
517/1000
[ 1.5  4.5  7.5 10.5 13.5]
299747.0
518/1000
[ 1.5  4.5  7.5 10.5 13.5]
299429.0
519/1000
[ 1.5  4.5  7.5 10.5 13.5]
300102.0
520/1000
[ 1.5  4.5  7.5 10.5 13.5]
300733.0
521/1000
[ 1.5  4.5  7.5 10.5 13.5]
299549.0
522/1000
[ 1.5  4.5  7.5 10.5 13.5]
300310.0
523/1000
[ 1.5  4.5  7.5 10.5 13.5]
299380.0
524/1000
[ 1.5  4.5  7.5 10.5 13.5]
300637.0
525/1000
[ 1.5  4.5  7.5 10.5 13.5]
299820.0
526/1000
[ 1.5  4.5  7.5 10.5 13.5]
300069.0
527/1000
[ 1.5  4.5  7.5 10.5 13.5]
300503.0
528/1000
[ 1.5  4.5  7.5 10.5 13.5]
299614.0
529/1000
[ 1.5  4.5  7.5 10.5 13.5]
300079.0
530/1000
[ 1.5  4.5  7.5 10.5 13.5]
299862.0
531/1000
[ 1.5  4.5  7.5 10.5 13.5]
299917.0
532/1000
[ 1.5  4.5  7.5 10.5 13.5]
299932.0
533/1000
[ 1.5  4.5  7.5 10.5 13.5]
299298.0
534/1000
[ 1.5  4.5  7.5 10.5 13.5]
300121.0
535/1000
[ 1.5  4.5  7.5 10.5 13.5]
300067.0
536/1000
[ 1.5  4.5  7.5 10.5 13.5]
300367.0
537/1000
[ 1.5  4.5  7.5 10.5 13.5]
299906.0
538/1000
[ 1.5  4.5  7.5 10.5 13.5]
301175.0
539/1000
[ 1.5  4.5  7.5 10.5 13.5]
299823.0
540/1000
[ 1.5  4.5  7.5 10.5 13.5]
299407.0
541/1000
[ 1.5  4.5  7.5 10.5 13.5]
299276.0
542/1000
[ 1.5  4.5  7.5 10.5 13.5]
300167.0
543/1000
[ 1.5  4.5  7.5 10.5 13.5]
300209.0
544/1000
[ 1.5  4.5  7.5 10.5 13.5]
300270.0
545/1000
[ 1.5  4.5  7.5 10.5 13.5]
299761.0
546/1000
[ 1.5  4.5  7.5 10.5 13.5]
300519.0
547/1000
[ 1.5  4.5  7.5 10.5 13.5]
300179.0
548/1000
[ 1.5  4.5  7.5 10.5 13.5]
299396.0
549/1000
[ 1.5  4.5  7.5 10.5 13.5]
300324.0
550/1000
[ 1.5  4.5  7.5 10.5 13.5]
300471.0
551/1000
[ 1.5  4.5  7.5 10.5 13.5]
299085.0
552/1000
[ 1.5  4.5  7.5 10.5 13.5]
300108.0
553/1000
[ 1.5  4.5  7.5 10.5 13.5]
300568.0
554/1000
[ 1.5  4.5  7.5 10.5 13.5]
300721.0
555/1000
[ 1.5  4.5  7.5 10.5 13.5]
298779.0
556/1000
[ 1.5  4.5  7.5 10.5 13.5]
299423.0
557/1000
[ 1.5  4.5  7.5 10.5 13.5]
299399.0
558/1000
[ 1.5  4.5  7.5 10.5 13.5]
299306.0
559/1000
[ 1.5  4.5  7.5 10.5 13.5]
299931.0
560/1000
[ 1.5  4.5  7.5 10.5 13.5]
300704.0
561/1000
[ 1.5  4.5  7.5 10.5 13.5]
299049.0
562/1000
[ 1.5  4.5  7.5 10.5 13.5]
300362.0
563/1000
[ 1.5  4.5  7.5 10.5 13.5]
300906.0
564/1000
[ 1.5  4.5  7.5 10.5 13.5]
300321.0
565/1000
[ 1.5  4.5  7.5 10.5 13.5]
300328.0
566/1000
[ 1.5  4.5  7.5 10.5 13.5]
299867.0
567/1000
[ 1.5  4.5  7.5 10.5 13.5]
299099.0
568/1000
[ 1.5  4.5  7.5 10.5 13.5]
300266.0
569/1000
[ 1.5  4.5  7.5 10.5 13.5]
299551.0
570/1000
[ 1.5  4.5  7.5 10.5 13.5]
299805.0
571/1000
[ 1.5  4.5  7.5 10.5 13.5]
299990.0
572/1000
[ 1.5  4.5  7.5 10.5 13.5]
300964.0
573/1000
[ 1.5  4.5  7.5 10.5 13.5]
300226.0
574/1000
[ 1.5  4.5  7.5 10.5 13.5]
300859.0
575/1000
[ 1.5  4.5  7.5 10.5 13.5]
299943.0
576/1000
[ 1.5  4.5  7.5 10.5 13.5]
299827.0
577/1000
[ 1.5  4.5  7.5 10.5 13.5]
299204.0
578/1000
[ 1.5  4.5  7.5 10.5 13.5]
300148.0
579/1000
[ 1.5  4.5  7.5 10.5 13.5]
299845.0
580/1000
[ 1.5  4.5  7.5 10.5 13.5]
299825.0
581/1000
[ 1.5  4.5  7.5 10.5 13.5]
301102.0
582/1000
[ 1.5  4.5  7.5 10.5 13.5]
300413.0
583/1000
[ 1.5  4.5  7.5 10.5 13.5]
299991.0
584/1000
[ 1.5  4.5  7.5 10.5 13.5]
299668.0
585/1000
[ 1.5  4.5  7.5 10.5 13.5]
300234.0
586/1000
[ 1.5  4.5  7.5 10.5 13.5]
300462.0
587/1000
[ 1.5  4.5  7.5 10.5 13.5]
300335.0
588/1000
[ 1.5  4.5  7.5 10.5 13.5]
300050.0
589/1000
[ 1.5  4.5  7.5 10.5 13.5]
299260.0
590/1000
[ 1.5  4.5  7.5 10.5 13.5]
300381.0
591/1000
[ 1.5  4.5  7.5 10.5 13.5]
299623.0
592/1000
[ 1.5  4.5  7.5 10.5 13.5]
300276.0
593/1000
[ 1.5  4.5  7.5 10.5 13.5]
300382.0
594/1000
[ 1.5  4.5  7.5 10.5 13.5]
299808.0
595/1000
[ 1.5  4.5  7.5 10.5 13.5]
300506.0
596/1000
[ 1.5  4.5  7.5 10.5 13.5]
300519.0
597/1000
[ 1.5  4.5  7.5 10.5 13.5]
299566.0
598/1000
[ 1.5  4.5  7.5 10.5 13.5]
299632.0
599/1000
[ 1.5  4.5  7.5 10.5 13.5]
300181.0
600/1000
[ 1.5  4.5  7.5 10.5 13.5]
300246.0
601/1000
[ 1.5  4.5  7.5 10.5 13.5]
299898.0
602/1000
[ 1.5  4.5  7.5 10.5 13.5]
300161.0
603/1000
[ 1.5  4.5  7.5 10.5 13.5]
299938.0
604/1000
[ 1.5  4.5  7.5 10.5 13.5]
299766.0
605/1000
[ 1.5  4.5  7.5 10.5 13.5]
300398.0
606/1000
[ 1.5  4.5  7.5 10.5 13.5]
299477.0
607/1000
[ 1.5  4.5  7.5 10.5 13.5]
300763.0
608/1000
[ 1.5  4.5  7.5 10.5 13.5]
300106.0
609/1000
[ 1.5  4.5  7.5 10.5 13.5]
299408.0
610/1000
[ 1.5  4.5  7.5 10.5 13.5]
300038.0
611/1000
[ 1.5  4.5  7.5 10.5 13.5]
300281.0
612/1000
[ 1.5  4.5  7.5 10.5 13.5]
300341.0
613/1000
[ 1.5  4.5  7.5 10.5 13.5]
300019.0
614/1000
[ 1.5  4.5  7.5 10.5 13.5]
299126.0
615/1000
[ 1.5  4.5  7.5 10.5 13.5]
300904.0
616/1000
[ 1.5  4.5  7.5 10.5 13.5]
300001.0
617/1000
[ 1.5  4.5  7.5 10.5 13.5]
300299.0
618/1000
[ 1.5  4.5  7.5 10.5 13.5]
299634.0
619/1000
[ 1.5  4.5  7.5 10.5 13.5]
300053.0
620/1000
[ 1.5  4.5  7.5 10.5 13.5]
299168.0
621/1000
[ 1.5  4.5  7.5 10.5 13.5]
299683.0
622/1000
[ 1.5  4.5  7.5 10.5 13.5]
299909.0
623/1000
[ 1.5  4.5  7.5 10.5 13.5]
300122.0
624/1000
[ 1.5  4.5  7.5 10.5 13.5]
300001.0
625/1000
[ 1.5  4.5  7.5 10.5 13.5]
299386.0
626/1000
[ 1.5  4.5  7.5 10.5 13.5]
299597.0
627/1000
[ 1.5  4.5  7.5 10.5 13.5]
299894.0
628/1000
[ 1.5  4.5  7.5 10.5 13.5]
299849.0
629/1000
[ 1.5  4.5  7.5 10.5 13.5]
300571.0
630/1000
[ 1.5  4.5  7.5 10.5 13.5]
300479.0
631/1000
[ 1.5  4.5  7.5 10.5 13.5]
299986.0
632/1000
[ 1.5  4.5  7.5 10.5 13.5]
300503.0
633/1000
[ 1.5  4.5  7.5 10.5 13.5]
300400.0
634/1000
[ 1.5  4.5  7.5 10.5 13.5]
299700.0
635/1000
[ 1.5  4.5  7.5 10.5 13.5]
299395.0
636/1000
[ 1.5  4.5  7.5 10.5 13.5]
299953.0
637/1000
[ 1.5  4.5  7.5 10.5 13.5]
299855.0
638/1000
[ 1.5  4.5  7.5 10.5 13.5]
299120.0
639/1000
[ 1.5  4.5  7.5 10.5 13.5]
300071.0
640/1000
[ 1.5  4.5  7.5 10.5 13.5]
299535.0
641/1000
[ 1.5  4.5  7.5 10.5 13.5]
300700.0
642/1000
[ 1.5  4.5  7.5 10.5 13.5]
299875.0
643/1000
[ 1.5  4.5  7.5 10.5 13.5]
299740.0
644/1000
[ 1.5  4.5  7.5 10.5 13.5]
299988.0
645/1000
[ 1.5  4.5  7.5 10.5 13.5]
299699.0
646/1000
[ 1.5  4.5  7.5 10.5 13.5]
300725.0
647/1000
[ 1.5  4.5  7.5 10.5 13.5]
299621.0
648/1000
[ 1.5  4.5  7.5 10.5 13.5]
299634.0
649/1000
[ 1.5  4.5  7.5 10.5 13.5]
300179.0
650/1000
[ 1.5  4.5  7.5 10.5 13.5]
299166.0
651/1000
[ 1.5  4.5  7.5 10.5 13.5]
299955.0
652/1000
[ 1.5  4.5  7.5 10.5 13.5]
300029.0
653/1000
[ 1.5  4.5  7.5 10.5 13.5]
299642.0
654/1000
[ 1.5  4.5  7.5 10.5 13.5]
298937.0
655/1000
[ 1.5  4.5  7.5 10.5 13.5]
300371.0
656/1000
[ 1.5  4.5  7.5 10.5 13.5]
299834.0
657/1000
[ 1.5  4.5  7.5 10.5 13.5]
299190.0
658/1000
[ 1.5  4.5  7.5 10.5 13.5]
299917.0
659/1000
[ 1.5  4.5  7.5 10.5 13.5]
299737.0
660/1000
[ 1.5  4.5  7.5 10.5 13.5]
299135.0
661/1000
[ 1.5  4.5  7.5 10.5 13.5]
299475.0
662/1000
[ 1.5  4.5  7.5 10.5 13.5]
300037.0
663/1000
[ 1.5  4.5  7.5 10.5 13.5]
300619.0
664/1000
[ 1.5  4.5  7.5 10.5 13.5]
299255.0
665/1000
[ 1.5  4.5  7.5 10.5 13.5]
299455.0
666/1000
[ 1.5  4.5  7.5 10.5 13.5]
299135.0
667/1000
[ 1.5  4.5  7.5 10.5 13.5]
300094.0
668/1000
[ 1.5  4.5  7.5 10.5 13.5]
299865.0
669/1000
[ 1.5  4.5  7.5 10.5 13.5]
300024.0
670/1000
[ 1.5  4.5  7.5 10.5 13.5]
299837.0
671/1000
[ 1.5  4.5  7.5 10.5 13.5]
300522.0
672/1000
[ 1.5  4.5  7.5 10.5 13.5]
300344.0
673/1000
[ 1.5  4.5  7.5 10.5 13.5]
299791.0
674/1000
[ 1.5  4.5  7.5 10.5 13.5]
300817.0
675/1000
[ 1.5  4.5  7.5 10.5 13.5]
299602.0
676/1000
[ 1.5  4.5  7.5 10.5 13.5]
299630.0
677/1000
[ 1.5  4.5  7.5 10.5 13.5]
299937.0
678/1000
[ 1.5  4.5  7.5 10.5 13.5]
299552.0
679/1000
[ 1.5  4.5  7.5 10.5 13.5]
299584.0
680/1000
[ 1.5  4.5  7.5 10.5 13.5]
299670.0
681/1000
[ 1.5  4.5  7.5 10.5 13.5]
298917.0
682/1000
[ 1.5  4.5  7.5 10.5 13.5]
300301.0
683/1000
[ 1.5  4.5  7.5 10.5 13.5]
299894.0
684/1000
[ 1.5  4.5  7.5 10.5 13.5]
300161.0
685/1000
[ 1.5  4.5  7.5 10.5 13.5]
300660.0
686/1000
[ 1.5  4.5  7.5 10.5 13.5]
300755.0
687/1000
[ 1.5  4.5  7.5 10.5 13.5]
300075.0
688/1000
[ 1.5  4.5  7.5 10.5 13.5]
300098.0
689/1000
[ 1.5  4.5  7.5 10.5 13.5]
298901.0
690/1000
[ 1.5  4.5  7.5 10.5 13.5]
300481.0
691/1000
[ 1.5  4.5  7.5 10.5 13.5]
301156.0
692/1000
[ 1.5  4.5  7.5 10.5 13.5]
300371.0
693/1000
[ 1.5  4.5  7.5 10.5 13.5]
299819.0
694/1000
[ 1.5  4.5  7.5 10.5 13.5]
300767.0
695/1000
[ 1.5  4.5  7.5 10.5 13.5]
300927.0
696/1000
[ 1.5  4.5  7.5 10.5 13.5]
299264.0
697/1000
[ 1.5  4.5  7.5 10.5 13.5]
299994.0
698/1000
[ 1.5  4.5  7.5 10.5 13.5]
298816.0
699/1000
[ 1.5  4.5  7.5 10.5 13.5]
299831.0
700/1000
[ 1.5  4.5  7.5 10.5 13.5]
300307.0
701/1000
[ 1.5  4.5  7.5 10.5 13.5]
300344.0
702/1000
[ 1.5  4.5  7.5 10.5 13.5]
298611.0
703/1000
[ 1.5  4.5  7.5 10.5 13.5]
299141.0
704/1000
[ 1.5  4.5  7.5 10.5 13.5]
300654.0
705/1000
[ 1.5  4.5  7.5 10.5 13.5]
300900.0
706/1000
[ 1.5  4.5  7.5 10.5 13.5]
299853.0
707/1000
[ 1.5  4.5  7.5 10.5 13.5]
299724.0
708/1000
[ 1.5  4.5  7.5 10.5 13.5]
301639.0
709/1000
[ 1.5  4.5  7.5 10.5 13.5]
301160.0
710/1000
[ 1.5  4.5  7.5 10.5 13.5]
300760.0
711/1000
[ 1.5  4.5  7.5 10.5 13.5]
299786.0
712/1000
[ 1.5  4.5  7.5 10.5 13.5]
298432.0
713/1000
[ 1.5  4.5  7.5 10.5 13.5]
300416.0
714/1000
[ 1.5  4.5  7.5 10.5 13.5]
300812.0
715/1000
[ 1.5  4.5  7.5 10.5 13.5]
300617.0
716/1000
[ 1.5  4.5  7.5 10.5 13.5]
300109.0
717/1000
[ 1.5  4.5  7.5 10.5 13.5]
299069.0
718/1000
[ 1.5  4.5  7.5 10.5 13.5]
299053.99999999994
719/1000
[ 1.5  4.5  7.5 10.5 13.5]
299992.0
720/1000
[ 1.5  4.5  7.5 10.5 13.5]
300035.0
721/1000
[ 1.5  4.5  7.5 10.5 13.5]
299806.0
722/1000
[ 1.5  4.5  7.5 10.5 13.5]
300331.0
723/1000
[ 1.5  4.5  7.5 10.5 13.5]
299804.0
724/1000
[ 1.5  4.5  7.5 10.5 13.5]
299623.0
725/1000
[ 1.5  4.5  7.5 10.5 13.5]
300568.0
726/1000
[ 1.5  4.5  7.5 10.5 13.5]
300255.0
727/1000
[ 1.5  4.5  7.5 10.5 13.5]
300389.0
728/1000
[ 1.5  4.5  7.5 10.5 13.5]
299246.0
729/1000
[ 1.5  4.5  7.5 10.5 13.5]
300231.0
730/1000
