Starting sim # 3
Loaded rubin/sw/tag/w_2023_27/loadLSST.bash
1/1000
[ 1.5  4.5  7.5 10.5 13.5]
399570.0
2/1000
[ 1.5  4.5  7.5 10.5 13.5]
398417.0
3/1000
[ 1.5  4.5  7.5 10.5 13.5]
398773.0
4/1000
[ 1.5  4.5  7.5 10.5 13.5]
399828.0
5/1000
[ 1.5  4.5  7.5 10.5 13.5]
399814.0
6/1000
[ 1.5  4.5  7.5 10.5 13.5]
399267.0
7/1000
[ 1.5  4.5  7.5 10.5 13.5]
400244.0
8/1000
[ 1.5  4.5  7.5 10.5 13.5]
398708.0
9/1000
[ 1.5  4.5  7.5 10.5 13.5]
399247.0
10/1000
[ 1.5  4.5  7.5 10.5 13.5]
399821.0
11/1000
[ 1.5  4.5  7.5 10.5 13.5]
400190.0
12/1000
[ 1.5  4.5  7.5 10.5 13.5]
400450.0
13/1000
[ 1.5  4.5  7.5 10.5 13.5]
398650.0
14/1000
[ 1.5  4.5  7.5 10.5 13.5]
399602.0
15/1000
[ 1.5  4.5  7.5 10.5 13.5]
400115.0
16/1000
[ 1.5  4.5  7.5 10.5 13.5]
400800.0
17/1000
[ 1.5  4.5  7.5 10.5 13.5]
399735.0
18/1000
[ 1.5  4.5  7.5 10.5 13.5]
399760.0
19/1000
[ 1.5  4.5  7.5 10.5 13.5]
400789.0
20/1000
[ 1.5  4.5  7.5 10.5 13.5]
400130.0
21/1000
[ 1.5  4.5  7.5 10.5 13.5]
399889.0
22/1000
[ 1.5  4.5  7.5 10.5 13.5]
399084.0
23/1000
[ 1.5  4.5  7.5 10.5 13.5]
398576.0
24/1000
[ 1.5  4.5  7.5 10.5 13.5]
399969.0
25/1000
[ 1.5  4.5  7.5 10.5 13.5]
399329.0
26/1000
[ 1.5  4.5  7.5 10.5 13.5]
398978.0
27/1000
[ 1.5  4.5  7.5 10.5 13.5]
400475.0
28/1000
[ 1.5  4.5  7.5 10.5 13.5]
399085.0
29/1000
[ 1.5  4.5  7.5 10.5 13.5]
399929.0
30/1000
[ 1.5  4.5  7.5 10.5 13.5]
400004.0
31/1000
[ 1.5  4.5  7.5 10.5 13.5]
400322.0
32/1000
[ 1.5  4.5  7.5 10.5 13.5]
399795.0
33/1000
[ 1.5  4.5  7.5 10.5 13.5]
400093.0
34/1000
[ 1.5  4.5  7.5 10.5 13.5]
400032.0
35/1000
[ 1.5  4.5  7.5 10.5 13.5]
400232.0
36/1000
[ 1.5  4.5  7.5 10.5 13.5]
401061.0
37/1000
[ 1.5  4.5  7.5 10.5 13.5]
399981.0
38/1000
[ 1.5  4.5  7.5 10.5 13.5]
400199.0
39/1000
[ 1.5  4.5  7.5 10.5 13.5]
399777.0
40/1000
[ 1.5  4.5  7.5 10.5 13.5]
399294.0
41/1000
[ 1.5  4.5  7.5 10.5 13.5]
401448.0
42/1000
[ 1.5  4.5  7.5 10.5 13.5]
401017.0
43/1000
[ 1.5  4.5  7.5 10.5 13.5]
399399.0
44/1000
[ 1.5  4.5  7.5 10.5 13.5]
399885.0
45/1000
[ 1.5  4.5  7.5 10.5 13.5]
399774.0
46/1000
[ 1.5  4.5  7.5 10.5 13.5]
400368.0
47/1000
[ 1.5  4.5  7.5 10.5 13.5]
399630.0
48/1000
[ 1.5  4.5  7.5 10.5 13.5]
399494.0
49/1000
[ 1.5  4.5  7.5 10.5 13.5]
399947.0
50/1000
[ 1.5  4.5  7.5 10.5 13.5]
399601.0
51/1000
[ 1.5  4.5  7.5 10.5 13.5]
400312.0
52/1000
[ 1.5  4.5  7.5 10.5 13.5]
400024.0
53/1000
[ 1.5  4.5  7.5 10.5 13.5]
400446.0
54/1000
[ 1.5  4.5  7.5 10.5 13.5]
399698.0
55/1000
[ 1.5  4.5  7.5 10.5 13.5]
400230.0
56/1000
[ 1.5  4.5  7.5 10.5 13.5]
398310.0
57/1000
[ 1.5  4.5  7.5 10.5 13.5]
400498.0
58/1000
[ 1.5  4.5  7.5 10.5 13.5]
401070.0
59/1000
[ 1.5  4.5  7.5 10.5 13.5]
398986.0
60/1000
[ 1.5  4.5  7.5 10.5 13.5]
399330.0
61/1000
[ 1.5  4.5  7.5 10.5 13.5]
400760.0
62/1000
[ 1.5  4.5  7.5 10.5 13.5]
399536.0
63/1000
[ 1.5  4.5  7.5 10.5 13.5]
400197.0
64/1000
[ 1.5  4.5  7.5 10.5 13.5]
399249.0
65/1000
[ 1.5  4.5  7.5 10.5 13.5]
399712.0
66/1000
[ 1.5  4.5  7.5 10.5 13.5]
398890.0
67/1000
[ 1.5  4.5  7.5 10.5 13.5]
399505.0
68/1000
[ 1.5  4.5  7.5 10.5 13.5]
400552.0
69/1000
[ 1.5  4.5  7.5 10.5 13.5]
398984.0
70/1000
[ 1.5  4.5  7.5 10.5 13.5]
400676.0
71/1000
[ 1.5  4.5  7.5 10.5 13.5]
398643.0
72/1000
[ 1.5  4.5  7.5 10.5 13.5]
399684.0
73/1000
[ 1.5  4.5  7.5 10.5 13.5]
399954.0
74/1000
[ 1.5  4.5  7.5 10.5 13.5]
400303.0
75/1000
[ 1.5  4.5  7.5 10.5 13.5]
399884.0
76/1000
[ 1.5  4.5  7.5 10.5 13.5]
399319.0
77/1000
[ 1.5  4.5  7.5 10.5 13.5]
399651.0
78/1000
[ 1.5  4.5  7.5 10.5 13.5]
400518.0
79/1000
[ 1.5  4.5  7.5 10.5 13.5]
400202.0
80/1000
[ 1.5  4.5  7.5 10.5 13.5]
400223.0
81/1000
[ 1.5  4.5  7.5 10.5 13.5]
399801.0
82/1000
[ 1.5  4.5  7.5 10.5 13.5]
399904.0
83/1000
[ 1.5  4.5  7.5 10.5 13.5]
399749.0
84/1000
[ 1.5  4.5  7.5 10.5 13.5]
401118.0
85/1000
[ 1.5  4.5  7.5 10.5 13.5]
400568.0
86/1000
[ 1.5  4.5  7.5 10.5 13.5]
399923.0
87/1000
[ 1.5  4.5  7.5 10.5 13.5]
399152.0
88/1000
[ 1.5  4.5  7.5 10.5 13.5]
400141.0
89/1000
[ 1.5  4.5  7.5 10.5 13.5]
399652.0
90/1000
[ 1.5  4.5  7.5 10.5 13.5]
400243.0
91/1000
[ 1.5  4.5  7.5 10.5 13.5]
400167.0
92/1000
[ 1.5  4.5  7.5 10.5 13.5]
400418.0
93/1000
[ 1.5  4.5  7.5 10.5 13.5]
400043.0
94/1000
[ 1.5  4.5  7.5 10.5 13.5]
398920.0
95/1000
[ 1.5  4.5  7.5 10.5 13.5]
400390.0
96/1000
[ 1.5  4.5  7.5 10.5 13.5]
400875.0
97/1000
[ 1.5  4.5  7.5 10.5 13.5]
399147.0
98/1000
[ 1.5  4.5  7.5 10.5 13.5]
400456.0
99/1000
[ 1.5  4.5  7.5 10.5 13.5]
400048.0
100/1000
[ 1.5  4.5  7.5 10.5 13.5]
399199.0
101/1000
[ 1.5  4.5  7.5 10.5 13.5]
400362.0
102/1000
[ 1.5  4.5  7.5 10.5 13.5]
400347.0
103/1000
[ 1.5  4.5  7.5 10.5 13.5]
400342.0
104/1000
[ 1.5  4.5  7.5 10.5 13.5]
400718.0
105/1000
[ 1.5  4.5  7.5 10.5 13.5]
398956.0
106/1000
[ 1.5  4.5  7.5 10.5 13.5]
400041.0
107/1000
[ 1.5  4.5  7.5 10.5 13.5]
399288.0
108/1000
[ 1.5  4.5  7.5 10.5 13.5]
400209.0
109/1000
[ 1.5  4.5  7.5 10.5 13.5]
399509.0
110/1000
[ 1.5  4.5  7.5 10.5 13.5]
400124.0
111/1000
[ 1.5  4.5  7.5 10.5 13.5]
399432.0
112/1000
[ 1.5  4.5  7.5 10.5 13.5]
399593.0
113/1000
[ 1.5  4.5  7.5 10.5 13.5]
399585.0
114/1000
[ 1.5  4.5  7.5 10.5 13.5]
399200.0
115/1000
[ 1.5  4.5  7.5 10.5 13.5]
399517.0
116/1000
[ 1.5  4.5  7.5 10.5 13.5]
399113.0
117/1000
[ 1.5  4.5  7.5 10.5 13.5]
400284.0
118/1000
[ 1.5  4.5  7.5 10.5 13.5]
400932.0
119/1000
[ 1.5  4.5  7.5 10.5 13.5]
400620.0
120/1000
[ 1.5  4.5  7.5 10.5 13.5]
399073.0
121/1000
[ 1.5  4.5  7.5 10.5 13.5]
399944.0
122/1000
[ 1.5  4.5  7.5 10.5 13.5]
400542.0
123/1000
[ 1.5  4.5  7.5 10.5 13.5]
399952.0
124/1000
[ 1.5  4.5  7.5 10.5 13.5]
399853.0
125/1000
[ 1.5  4.5  7.5 10.5 13.5]
400001.0
126/1000
[ 1.5  4.5  7.5 10.5 13.5]
400543.0
127/1000
[ 1.5  4.5  7.5 10.5 13.5]
399493.0
128/1000
[ 1.5  4.5  7.5 10.5 13.5]
399455.0
129/1000
[ 1.5  4.5  7.5 10.5 13.5]
399913.0
130/1000
[ 1.5  4.5  7.5 10.5 13.5]
401097.0
131/1000
[ 1.5  4.5  7.5 10.5 13.5]
399499.0
132/1000
[ 1.5  4.5  7.5 10.5 13.5]
399822.0
133/1000
[ 1.5  4.5  7.5 10.5 13.5]
400155.0
134/1000
[ 1.5  4.5  7.5 10.5 13.5]
399667.0
135/1000
[ 1.5  4.5  7.5 10.5 13.5]
399641.0
136/1000
[ 1.5  4.5  7.5 10.5 13.5]
400421.0
137/1000
[ 1.5  4.5  7.5 10.5 13.5]
399611.0
138/1000
[ 1.5  4.5  7.5 10.5 13.5]
400820.0
139/1000
[ 1.5  4.5  7.5 10.5 13.5]
398795.0
140/1000
[ 1.5  4.5  7.5 10.5 13.5]
400585.0
141/1000
[ 1.5  4.5  7.5 10.5 13.5]
400985.0
142/1000
[ 1.5  4.5  7.5 10.5 13.5]
399200.0
143/1000
[ 1.5  4.5  7.5 10.5 13.5]
400930.0
144/1000
[ 1.5  4.5  7.5 10.5 13.5]
399548.0
145/1000
[ 1.5  4.5  7.5 10.5 13.5]
398498.0
146/1000
[ 1.5  4.5  7.5 10.5 13.5]
399520.0
147/1000
[ 1.5  4.5  7.5 10.5 13.5]
400099.0
148/1000
[ 1.5  4.5  7.5 10.5 13.5]
400042.0
149/1000
[ 1.5  4.5  7.5 10.5 13.5]
400631.0
150/1000
[ 1.5  4.5  7.5 10.5 13.5]
400519.0
151/1000
[ 1.5  4.5  7.5 10.5 13.5]
400554.0
152/1000
[ 1.5  4.5  7.5 10.5 13.5]
399350.0
153/1000
[ 1.5  4.5  7.5 10.5 13.5]
399620.0
154/1000
[ 1.5  4.5  7.5 10.5 13.5]
399484.0
155/1000
[ 1.5  4.5  7.5 10.5 13.5]
399971.0
156/1000
[ 1.5  4.5  7.5 10.5 13.5]
399953.0
157/1000
[ 1.5  4.5  7.5 10.5 13.5]
400011.0
158/1000
[ 1.5  4.5  7.5 10.5 13.5]
399059.0
159/1000
[ 1.5  4.5  7.5 10.5 13.5]
399821.0
160/1000
[ 1.5  4.5  7.5 10.5 13.5]
400005.0
161/1000
[ 1.5  4.5  7.5 10.5 13.5]
398677.0
162/1000
[ 1.5  4.5  7.5 10.5 13.5]
400888.0
163/1000
[ 1.5  4.5  7.5 10.5 13.5]
400567.0
164/1000
[ 1.5  4.5  7.5 10.5 13.5]
400276.0
165/1000
[ 1.5  4.5  7.5 10.5 13.5]
399679.0
166/1000
[ 1.5  4.5  7.5 10.5 13.5]
399905.0
167/1000
[ 1.5  4.5  7.5 10.5 13.5]
401014.0
168/1000
[ 1.5  4.5  7.5 10.5 13.5]
399944.0
169/1000
[ 1.5  4.5  7.5 10.5 13.5]
399318.0
170/1000
[ 1.5  4.5  7.5 10.5 13.5]
399771.0
171/1000
[ 1.5  4.5  7.5 10.5 13.5]
400911.0
172/1000
[ 1.5  4.5  7.5 10.5 13.5]
400372.0
173/1000
[ 1.5  4.5  7.5 10.5 13.5]
399916.0
174/1000
[ 1.5  4.5  7.5 10.5 13.5]
400051.0
175/1000
[ 1.5  4.5  7.5 10.5 13.5]
399714.0
176/1000
[ 1.5  4.5  7.5 10.5 13.5]
398635.0
177/1000
[ 1.5  4.5  7.5 10.5 13.5]
400256.0
178/1000
[ 1.5  4.5  7.5 10.5 13.5]
399417.0
179/1000
[ 1.5  4.5  7.5 10.5 13.5]
399196.0
180/1000
[ 1.5  4.5  7.5 10.5 13.5]
399277.0
181/1000
[ 1.5  4.5  7.5 10.5 13.5]
399639.0
182/1000
[ 1.5  4.5  7.5 10.5 13.5]
399253.0
183/1000
[ 1.5  4.5  7.5 10.5 13.5]
399621.0
184/1000
[ 1.5  4.5  7.5 10.5 13.5]
399165.0
185/1000
[ 1.5  4.5  7.5 10.5 13.5]
400287.0
186/1000
[ 1.5  4.5  7.5 10.5 13.5]
400377.0
187/1000
[ 1.5  4.5  7.5 10.5 13.5]
400217.0
188/1000
[ 1.5  4.5  7.5 10.5 13.5]
399898.0
189/1000
[ 1.5  4.5  7.5 10.5 13.5]
400614.0
190/1000
[ 1.5  4.5  7.5 10.5 13.5]
401101.0
191/1000
[ 1.5  4.5  7.5 10.5 13.5]
399570.0
192/1000
[ 1.5  4.5  7.5 10.5 13.5]
399381.0
193/1000
[ 1.5  4.5  7.5 10.5 13.5]
399322.0
194/1000
[ 1.5  4.5  7.5 10.5 13.5]
400261.0
195/1000
[ 1.5  4.5  7.5 10.5 13.5]
400194.0
196/1000
[ 1.5  4.5  7.5 10.5 13.5]
400028.0
197/1000
[ 1.5  4.5  7.5 10.5 13.5]
400589.0
198/1000
[ 1.5  4.5  7.5 10.5 13.5]
399945.0
199/1000
[ 1.5  4.5  7.5 10.5 13.5]
400148.0
200/1000
[ 1.5  4.5  7.5 10.5 13.5]
399810.0
201/1000
[ 1.5  4.5  7.5 10.5 13.5]
400723.0
202/1000
[ 1.5  4.5  7.5 10.5 13.5]
400454.0
203/1000
[ 1.5  4.5  7.5 10.5 13.5]
399456.0
204/1000
[ 1.5  4.5  7.5 10.5 13.5]
399708.0
205/1000
[ 1.5  4.5  7.5 10.5 13.5]
399916.0
206/1000
[ 1.5  4.5  7.5 10.5 13.5]
401213.0
207/1000
[ 1.5  4.5  7.5 10.5 13.5]
399571.0
208/1000
[ 1.5  4.5  7.5 10.5 13.5]
400280.0
209/1000
[ 1.5  4.5  7.5 10.5 13.5]
400545.0
210/1000
[ 1.5  4.5  7.5 10.5 13.5]
400089.0
211/1000
[ 1.5  4.5  7.5 10.5 13.5]
400287.0
212/1000
[ 1.5  4.5  7.5 10.5 13.5]
399715.0
213/1000
[ 1.5  4.5  7.5 10.5 13.5]
400515.0
214/1000
[ 1.5  4.5  7.5 10.5 13.5]
400890.0
215/1000
[ 1.5  4.5  7.5 10.5 13.5]
399145.0
216/1000
[ 1.5  4.5  7.5 10.5 13.5]
399584.0
217/1000
[ 1.5  4.5  7.5 10.5 13.5]
399759.0
218/1000
[ 1.5  4.5  7.5 10.5 13.5]
400157.0
219/1000
[ 1.5  4.5  7.5 10.5 13.5]
400462.0
220/1000
[ 1.5  4.5  7.5 10.5 13.5]
399713.0
221/1000
[ 1.5  4.5  7.5 10.5 13.5]
401148.0
222/1000
[ 1.5  4.5  7.5 10.5 13.5]
399472.0
223/1000
[ 1.5  4.5  7.5 10.5 13.5]
400304.0
224/1000
[ 1.5  4.5  7.5 10.5 13.5]
399955.0
225/1000
[ 1.5  4.5  7.5 10.5 13.5]
400732.0
226/1000
[ 1.5  4.5  7.5 10.5 13.5]
401129.0
227/1000
[ 1.5  4.5  7.5 10.5 13.5]
398986.0
228/1000
[ 1.5  4.5  7.5 10.5 13.5]
399716.0
229/1000
[ 1.5  4.5  7.5 10.5 13.5]
400810.0
230/1000
[ 1.5  4.5  7.5 10.5 13.5]
400579.0
231/1000
[ 1.5  4.5  7.5 10.5 13.5]
399113.0
232/1000
[ 1.5  4.5  7.5 10.5 13.5]
399538.0
233/1000
[ 1.5  4.5  7.5 10.5 13.5]
399560.0
234/1000
[ 1.5  4.5  7.5 10.5 13.5]
399664.0
235/1000
[ 1.5  4.5  7.5 10.5 13.5]
400329.0
236/1000
[ 1.5  4.5  7.5 10.5 13.5]
400249.0
237/1000
[ 1.5  4.5  7.5 10.5 13.5]
400171.0
238/1000
[ 1.5  4.5  7.5 10.5 13.5]
399654.0
239/1000
[ 1.5  4.5  7.5 10.5 13.5]
399766.0
240/1000
[ 1.5  4.5  7.5 10.5 13.5]
400478.0
241/1000
[ 1.5  4.5  7.5 10.5 13.5]
400627.0
242/1000
[ 1.5  4.5  7.5 10.5 13.5]
399222.0
243/1000
[ 1.5  4.5  7.5 10.5 13.5]
399928.0
244/1000
[ 1.5  4.5  7.5 10.5 13.5]
399758.0
245/1000
[ 1.5  4.5  7.5 10.5 13.5]
400969.0
246/1000
[ 1.5  4.5  7.5 10.5 13.5]
399999.0
247/1000
[ 1.5  4.5  7.5 10.5 13.5]
400061.0
248/1000
[ 1.5  4.5  7.5 10.5 13.5]
400435.0
249/1000
[ 1.5  4.5  7.5 10.5 13.5]
398607.0
250/1000
[ 1.5  4.5  7.5 10.5 13.5]
400364.0
251/1000
[ 1.5  4.5  7.5 10.5 13.5]
400959.0
252/1000
[ 1.5  4.5  7.5 10.5 13.5]
400221.0
253/1000
[ 1.5  4.5  7.5 10.5 13.5]
399368.0
254/1000
[ 1.5  4.5  7.5 10.5 13.5]
399519.0
255/1000
[ 1.5  4.5  7.5 10.5 13.5]
398797.0
256/1000
[ 1.5  4.5  7.5 10.5 13.5]
400316.0
257/1000
[ 1.5  4.5  7.5 10.5 13.5]
399084.0
258/1000
[ 1.5  4.5  7.5 10.5 13.5]
400107.0
259/1000
[ 1.5  4.5  7.5 10.5 13.5]
400608.0
260/1000
[ 1.5  4.5  7.5 10.5 13.5]
399989.0
261/1000
[ 1.5  4.5  7.5 10.5 13.5]
400318.0
262/1000
[ 1.5  4.5  7.5 10.5 13.5]
399315.0
263/1000
[ 1.5  4.5  7.5 10.5 13.5]
399474.0
264/1000
[ 1.5  4.5  7.5 10.5 13.5]
399885.0
265/1000
[ 1.5  4.5  7.5 10.5 13.5]
399863.0
266/1000
[ 1.5  4.5  7.5 10.5 13.5]
399979.0
267/1000
[ 1.5  4.5  7.5 10.5 13.5]
400183.0
268/1000
[ 1.5  4.5  7.5 10.5 13.5]
399936.0
269/1000
[ 1.5  4.5  7.5 10.5 13.5]
400594.0
270/1000
[ 1.5  4.5  7.5 10.5 13.5]
400485.0
271/1000
[ 1.5  4.5  7.5 10.5 13.5]
400909.0
272/1000
[ 1.5  4.5  7.5 10.5 13.5]
399713.0
273/1000
[ 1.5  4.5  7.5 10.5 13.5]
399429.0
274/1000
[ 1.5  4.5  7.5 10.5 13.5]
400554.0
275/1000
[ 1.5  4.5  7.5 10.5 13.5]
400221.0
276/1000
[ 1.5  4.5  7.5 10.5 13.5]
400369.0
277/1000
[ 1.5  4.5  7.5 10.5 13.5]
400636.0
278/1000
[ 1.5  4.5  7.5 10.5 13.5]
398936.0
279/1000
[ 1.5  4.5  7.5 10.5 13.5]
399574.0
280/1000
[ 1.5  4.5  7.5 10.5 13.5]
400484.0
281/1000
[ 1.5  4.5  7.5 10.5 13.5]
400776.0
282/1000
[ 1.5  4.5  7.5 10.5 13.5]
400635.0
283/1000
[ 1.5  4.5  7.5 10.5 13.5]
401093.0
284/1000
[ 1.5  4.5  7.5 10.5 13.5]
398631.0
285/1000
[ 1.5  4.5  7.5 10.5 13.5]
399751.0
286/1000
[ 1.5  4.5  7.5 10.5 13.5]
399963.0
287/1000
[ 1.5  4.5  7.5 10.5 13.5]
398732.0
288/1000
[ 1.5  4.5  7.5 10.5 13.5]
400687.0
289/1000
[ 1.5  4.5  7.5 10.5 13.5]
400413.0
290/1000
[ 1.5  4.5  7.5 10.5 13.5]
399859.0
291/1000
[ 1.5  4.5  7.5 10.5 13.5]
399692.0
292/1000
[ 1.5  4.5  7.5 10.5 13.5]
399275.0
293/1000
[ 1.5  4.5  7.5 10.5 13.5]
399344.0
294/1000
[ 1.5  4.5  7.5 10.5 13.5]
398933.0
295/1000
[ 1.5  4.5  7.5 10.5 13.5]
399527.0
296/1000
[ 1.5  4.5  7.5 10.5 13.5]
400534.0
297/1000
[ 1.5  4.5  7.5 10.5 13.5]
400271.0
298/1000
[ 1.5  4.5  7.5 10.5 13.5]
400523.0
299/1000
[ 1.5  4.5  7.5 10.5 13.5]
400149.0
300/1000
[ 1.5  4.5  7.5 10.5 13.5]
399099.0
301/1000
[ 1.5  4.5  7.5 10.5 13.5]
400728.0
302/1000
[ 1.5  4.5  7.5 10.5 13.5]
400116.0
303/1000
[ 1.5  4.5  7.5 10.5 13.5]
400539.0
304/1000
[ 1.5  4.5  7.5 10.5 13.5]
400543.0
305/1000
[ 1.5  4.5  7.5 10.5 13.5]
398870.0
306/1000
[ 1.5  4.5  7.5 10.5 13.5]
400434.0
307/1000
[ 1.5  4.5  7.5 10.5 13.5]
399596.0
308/1000
[ 1.5  4.5  7.5 10.5 13.5]
400179.0
309/1000
[ 1.5  4.5  7.5 10.5 13.5]
400610.0
310/1000
[ 1.5  4.5  7.5 10.5 13.5]
400622.0
311/1000
[ 1.5  4.5  7.5 10.5 13.5]
400047.99999999994
312/1000
[ 1.5  4.5  7.5 10.5 13.5]
399805.0
313/1000
[ 1.5  4.5  7.5 10.5 13.5]
400192.0
314/1000
[ 1.5  4.5  7.5 10.5 13.5]
400357.0
315/1000
[ 1.5  4.5  7.5 10.5 13.5]
399988.0
316/1000
[ 1.5  4.5  7.5 10.5 13.5]
400102.0
317/1000
[ 1.5  4.5  7.5 10.5 13.5]
400524.0
318/1000
[ 1.5  4.5  7.5 10.5 13.5]
400118.0
319/1000
[ 1.5  4.5  7.5 10.5 13.5]
399320.0
320/1000
[ 1.5  4.5  7.5 10.5 13.5]
399746.0
321/1000
[ 1.5  4.5  7.5 10.5 13.5]
400372.0
322/1000
[ 1.5  4.5  7.5 10.5 13.5]
399488.0
323/1000
[ 1.5  4.5  7.5 10.5 13.5]
399913.0
324/1000
[ 1.5  4.5  7.5 10.5 13.5]
400550.0
325/1000
[ 1.5  4.5  7.5 10.5 13.5]
399635.0
326/1000
[ 1.5  4.5  7.5 10.5 13.5]
400242.0
327/1000
[ 1.5  4.5  7.5 10.5 13.5]
400698.0
328/1000
[ 1.5  4.5  7.5 10.5 13.5]
400748.0
329/1000
[ 1.5  4.5  7.5 10.5 13.5]
400117.0
330/1000
[ 1.5  4.5  7.5 10.5 13.5]
401636.0
331/1000
[ 1.5  4.5  7.5 10.5 13.5]
400448.0
332/1000
[ 1.5  4.5  7.5 10.5 13.5]
400803.0
333/1000
[ 1.5  4.5  7.5 10.5 13.5]
399310.0
334/1000
[ 1.5  4.5  7.5 10.5 13.5]
401077.0
335/1000
[ 1.5  4.5  7.5 10.5 13.5]
400597.0
336/1000
[ 1.5  4.5  7.5 10.5 13.5]
398789.0
337/1000
[ 1.5  4.5  7.5 10.5 13.5]
399829.0
338/1000
[ 1.5  4.5  7.5 10.5 13.5]
399545.0
339/1000
[ 1.5  4.5  7.5 10.5 13.5]
399569.0
340/1000
[ 1.5  4.5  7.5 10.5 13.5]
399653.0
341/1000
[ 1.5  4.5  7.5 10.5 13.5]
399975.0
342/1000
[ 1.5  4.5  7.5 10.5 13.5]
400278.0
343/1000
[ 1.5  4.5  7.5 10.5 13.5]
399103.0
344/1000
[ 1.5  4.5  7.5 10.5 13.5]
401124.0
345/1000
[ 1.5  4.5  7.5 10.5 13.5]
400735.0
346/1000
[ 1.5  4.5  7.5 10.5 13.5]
400496.0
347/1000
[ 1.5  4.5  7.5 10.5 13.5]
400994.0
348/1000
[ 1.5  4.5  7.5 10.5 13.5]
398638.0
349/1000
[ 1.5  4.5  7.5 10.5 13.5]
400016.0
350/1000
[ 1.5  4.5  7.5 10.5 13.5]
399424.0
351/1000
[ 1.5  4.5  7.5 10.5 13.5]
400517.0
352/1000
[ 1.5  4.5  7.5 10.5 13.5]
400289.0
353/1000
[ 1.5  4.5  7.5 10.5 13.5]
400064.0
354/1000
[ 1.5  4.5  7.5 10.5 13.5]
400371.0
355/1000
[ 1.5  4.5  7.5 10.5 13.5]
400201.0
356/1000
[ 1.5  4.5  7.5 10.5 13.5]
400058.0
357/1000
[ 1.5  4.5  7.5 10.5 13.5]
399606.0
358/1000
[ 1.5  4.5  7.5 10.5 13.5]
399380.0
359/1000
[ 1.5  4.5  7.5 10.5 13.5]
400204.0
360/1000
[ 1.5  4.5  7.5 10.5 13.5]
400971.0
361/1000
[ 1.5  4.5  7.5 10.5 13.5]
400714.0
362/1000
[ 1.5  4.5  7.5 10.5 13.5]
400095.0
363/1000
[ 1.5  4.5  7.5 10.5 13.5]
401318.0
364/1000
[ 1.5  4.5  7.5 10.5 13.5]
399670.0
365/1000
[ 1.5  4.5  7.5 10.5 13.5]
398902.0
366/1000
[ 1.5  4.5  7.5 10.5 13.5]
399315.0
367/1000
[ 1.5  4.5  7.5 10.5 13.5]
399410.0
368/1000
[ 1.5  4.5  7.5 10.5 13.5]
399828.0
369/1000
[ 1.5  4.5  7.5 10.5 13.5]
399780.0
370/1000
[ 1.5  4.5  7.5 10.5 13.5]
400247.0
371/1000
[ 1.5  4.5  7.5 10.5 13.5]
399604.0
372/1000
[ 1.5  4.5  7.5 10.5 13.5]
399635.0
373/1000
[ 1.5  4.5  7.5 10.5 13.5]
398604.0
374/1000
[ 1.5  4.5  7.5 10.5 13.5]
400100.0
375/1000
[ 1.5  4.5  7.5 10.5 13.5]
400188.0
376/1000
[ 1.5  4.5  7.5 10.5 13.5]
398564.0
377/1000
[ 1.5  4.5  7.5 10.5 13.5]
399455.0
378/1000
[ 1.5  4.5  7.5 10.5 13.5]
398957.0
379/1000
[ 1.5  4.5  7.5 10.5 13.5]
400500.0
380/1000
[ 1.5  4.5  7.5 10.5 13.5]
399905.0
381/1000
[ 1.5  4.5  7.5 10.5 13.5]
400570.0
382/1000
[ 1.5  4.5  7.5 10.5 13.5]
399764.0
383/1000
[ 1.5  4.5  7.5 10.5 13.5]
400652.0
384/1000
[ 1.5  4.5  7.5 10.5 13.5]
399148.0
385/1000
[ 1.5  4.5  7.5 10.5 13.5]
399405.0
386/1000
[ 1.5  4.5  7.5 10.5 13.5]
400669.0
387/1000
[ 1.5  4.5  7.5 10.5 13.5]
399841.0
388/1000
[ 1.5  4.5  7.5 10.5 13.5]
400281.0
389/1000
[ 1.5  4.5  7.5 10.5 13.5]
399648.0
390/1000
[ 1.5  4.5  7.5 10.5 13.5]
399701.0
391/1000
[ 1.5  4.5  7.5 10.5 13.5]
400218.0
392/1000
[ 1.5  4.5  7.5 10.5 13.5]
400978.0
393/1000
[ 1.5  4.5  7.5 10.5 13.5]
400354.0
394/1000
[ 1.5  4.5  7.5 10.5 13.5]
399478.0
395/1000
[ 1.5  4.5  7.5 10.5 13.5]
399787.0
396/1000
[ 1.5  4.5  7.5 10.5 13.5]
400475.0
397/1000
[ 1.5  4.5  7.5 10.5 13.5]
400108.0
398/1000
[ 1.5  4.5  7.5 10.5 13.5]
400563.0
399/1000
[ 1.5  4.5  7.5 10.5 13.5]
399370.0
400/1000
[ 1.5  4.5  7.5 10.5 13.5]
400134.0
401/1000
[ 1.5  4.5  7.5 10.5 13.5]
400231.0
402/1000
[ 1.5  4.5  7.5 10.5 13.5]
400743.0
403/1000
[ 1.5  4.5  7.5 10.5 13.5]
399203.0
404/1000
[ 1.5  4.5  7.5 10.5 13.5]
399311.0
405/1000
[ 1.5  4.5  7.5 10.5 13.5]
401151.0
406/1000
[ 1.5  4.5  7.5 10.5 13.5]
399619.0
407/1000
[ 1.5  4.5  7.5 10.5 13.5]
399934.0
408/1000
[ 1.5  4.5  7.5 10.5 13.5]
400030.0
409/1000
[ 1.5  4.5  7.5 10.5 13.5]
400208.0
410/1000
[ 1.5  4.5  7.5 10.5 13.5]
399907.0
411/1000
[ 1.5  4.5  7.5 10.5 13.5]
398607.0
412/1000
[ 1.5  4.5  7.5 10.5 13.5]
400485.0
413/1000
[ 1.5  4.5  7.5 10.5 13.5]
399692.0
414/1000
[ 1.5  4.5  7.5 10.5 13.5]
400868.0
415/1000
[ 1.5  4.5  7.5 10.5 13.5]
398937.0
416/1000
[ 1.5  4.5  7.5 10.5 13.5]
399936.0
417/1000
[ 1.5  4.5  7.5 10.5 13.5]
399691.0
418/1000
[ 1.5  4.5  7.5 10.5 13.5]
400180.0
419/1000
[ 1.5  4.5  7.5 10.5 13.5]
400006.0
420/1000
[ 1.5  4.5  7.5 10.5 13.5]
400364.0
421/1000
[ 1.5  4.5  7.5 10.5 13.5]
399753.0
422/1000
[ 1.5  4.5  7.5 10.5 13.5]
399648.0
423/1000
[ 1.5  4.5  7.5 10.5 13.5]
400509.0
424/1000
[ 1.5  4.5  7.5 10.5 13.5]
400403.0
425/1000
[ 1.5  4.5  7.5 10.5 13.5]
400552.0
426/1000
[ 1.5  4.5  7.5 10.5 13.5]
401144.0
427/1000
[ 1.5  4.5  7.5 10.5 13.5]
399301.0
428/1000
[ 1.5  4.5  7.5 10.5 13.5]
400307.0
429/1000
[ 1.5  4.5  7.5 10.5 13.5]
400084.0
430/1000
[ 1.5  4.5  7.5 10.5 13.5]
400659.0
431/1000
[ 1.5  4.5  7.5 10.5 13.5]
400285.0
432/1000
[ 1.5  4.5  7.5 10.5 13.5]
399920.0
433/1000
[ 1.5  4.5  7.5 10.5 13.5]
398944.0
434/1000
[ 1.5  4.5  7.5 10.5 13.5]
399725.0
435/1000
[ 1.5  4.5  7.5 10.5 13.5]
400096.0
436/1000
[ 1.5  4.5  7.5 10.5 13.5]
400667.0
437/1000
[ 1.5  4.5  7.5 10.5 13.5]
399833.0
438/1000
[ 1.5  4.5  7.5 10.5 13.5]
400617.0
439/1000
[ 1.5  4.5  7.5 10.5 13.5]
399880.0
440/1000
[ 1.5  4.5  7.5 10.5 13.5]
400255.0
441/1000
[ 1.5  4.5  7.5 10.5 13.5]
400962.0
442/1000
[ 1.5  4.5  7.5 10.5 13.5]
400041.0
443/1000
[ 1.5  4.5  7.5 10.5 13.5]
399656.0
444/1000
[ 1.5  4.5  7.5 10.5 13.5]
399718.0
445/1000
[ 1.5  4.5  7.5 10.5 13.5]
400410.0
446/1000
[ 1.5  4.5  7.5 10.5 13.5]
400880.0
447/1000
[ 1.5  4.5  7.5 10.5 13.5]
399793.0
448/1000
[ 1.5  4.5  7.5 10.5 13.5]
400254.0
449/1000
[ 1.5  4.5  7.5 10.5 13.5]
399701.0
450/1000
[ 1.5  4.5  7.5 10.5 13.5]
400055.0
451/1000
[ 1.5  4.5  7.5 10.5 13.5]
400066.0
452/1000
[ 1.5  4.5  7.5 10.5 13.5]
400303.0
453/1000
[ 1.5  4.5  7.5 10.5 13.5]
400746.0
454/1000
[ 1.5  4.5  7.5 10.5 13.5]
399209.0
455/1000
[ 1.5  4.5  7.5 10.5 13.5]
400267.0
456/1000
[ 1.5  4.5  7.5 10.5 13.5]
400300.0
457/1000
[ 1.5  4.5  7.5 10.5 13.5]
399316.0
458/1000
[ 1.5  4.5  7.5 10.5 13.5]
399750.0
459/1000
[ 1.5  4.5  7.5 10.5 13.5]
400026.0
460/1000
[ 1.5  4.5  7.5 10.5 13.5]
400192.0
461/1000
[ 1.5  4.5  7.5 10.5 13.5]
399602.0
462/1000
[ 1.5  4.5  7.5 10.5 13.5]
398064.0
463/1000
[ 1.5  4.5  7.5 10.5 13.5]
401460.0
464/1000
[ 1.5  4.5  7.5 10.5 13.5]
399759.0
465/1000
[ 1.5  4.5  7.5 10.5 13.5]
399431.0
466/1000
[ 1.5  4.5  7.5 10.5 13.5]
400132.0
467/1000
[ 1.5  4.5  7.5 10.5 13.5]
400430.0
468/1000
[ 1.5  4.5  7.5 10.5 13.5]
401483.0
469/1000
[ 1.5  4.5  7.5 10.5 13.5]
399889.0
470/1000
[ 1.5  4.5  7.5 10.5 13.5]
399539.0
471/1000
[ 1.5  4.5  7.5 10.5 13.5]
399509.0
472/1000
[ 1.5  4.5  7.5 10.5 13.5]
401165.0
473/1000
[ 1.5  4.5  7.5 10.5 13.5]
399903.0
474/1000
[ 1.5  4.5  7.5 10.5 13.5]
399861.0
475/1000
[ 1.5  4.5  7.5 10.5 13.5]
399977.0
476/1000
[ 1.5  4.5  7.5 10.5 13.5]
400019.0
477/1000
[ 1.5  4.5  7.5 10.5 13.5]
399524.0
478/1000
[ 1.5  4.5  7.5 10.5 13.5]
400878.0
479/1000
[ 1.5  4.5  7.5 10.5 13.5]
398624.0
480/1000
[ 1.5  4.5  7.5 10.5 13.5]
399751.0
481/1000
[ 1.5  4.5  7.5 10.5 13.5]
400083.0
482/1000
[ 1.5  4.5  7.5 10.5 13.5]
400669.0
483/1000
[ 1.5  4.5  7.5 10.5 13.5]
400029.0
484/1000
[ 1.5  4.5  7.5 10.5 13.5]
400310.0
485/1000
[ 1.5  4.5  7.5 10.5 13.5]
399423.0
486/1000
[ 1.5  4.5  7.5 10.5 13.5]
400217.0
487/1000
[ 1.5  4.5  7.5 10.5 13.5]
399932.0
488/1000
[ 1.5  4.5  7.5 10.5 13.5]
399553.0
489/1000
[ 1.5  4.5  7.5 10.5 13.5]
400304.0
490/1000
[ 1.5  4.5  7.5 10.5 13.5]
400199.0
491/1000
[ 1.5  4.5  7.5 10.5 13.5]
400442.0
492/1000
[ 1.5  4.5  7.5 10.5 13.5]
399712.0
493/1000
[ 1.5  4.5  7.5 10.5 13.5]
400057.0
494/1000
[ 1.5  4.5  7.5 10.5 13.5]
399549.0
495/1000
[ 1.5  4.5  7.5 10.5 13.5]
398795.0
496/1000
[ 1.5  4.5  7.5 10.5 13.5]
400936.0
497/1000
[ 1.5  4.5  7.5 10.5 13.5]
399529.0
498/1000
[ 1.5  4.5  7.5 10.5 13.5]
400487.0
499/1000
[ 1.5  4.5  7.5 10.5 13.5]
400904.0
500/1000
[ 1.5  4.5  7.5 10.5 13.5]
400273.0
501/1000
[ 1.5  4.5  7.5 10.5 13.5]
399549.0
502/1000
[ 1.5  4.5  7.5 10.5 13.5]
400918.0
503/1000
[ 1.5  4.5  7.5 10.5 13.5]
399109.0
504/1000
[ 1.5  4.5  7.5 10.5 13.5]
399527.0
505/1000
[ 1.5  4.5  7.5 10.5 13.5]
399595.0
506/1000
[ 1.5  4.5  7.5 10.5 13.5]
398522.0
507/1000
[ 1.5  4.5  7.5 10.5 13.5]
399891.0
508/1000
[ 1.5  4.5  7.5 10.5 13.5]
400160.0
509/1000
[ 1.5  4.5  7.5 10.5 13.5]
400825.0
510/1000
[ 1.5  4.5  7.5 10.5 13.5]
400646.0
511/1000
[ 1.5  4.5  7.5 10.5 13.5]
399991.0
512/1000
[ 1.5  4.5  7.5 10.5 13.5]
399082.0
513/1000
[ 1.5  4.5  7.5 10.5 13.5]
400373.0
514/1000
[ 1.5  4.5  7.5 10.5 13.5]
399229.0
515/1000
[ 1.5  4.5  7.5 10.5 13.5]
399680.0
516/1000
[ 1.5  4.5  7.5 10.5 13.5]
399354.0
517/1000
[ 1.5  4.5  7.5 10.5 13.5]
400172.0
518/1000
[ 1.5  4.5  7.5 10.5 13.5]
400022.0
519/1000
[ 1.5  4.5  7.5 10.5 13.5]
399980.0
520/1000
[ 1.5  4.5  7.5 10.5 13.5]
400781.0
521/1000
[ 1.5  4.5  7.5 10.5 13.5]
400631.0
522/1000
[ 1.5  4.5  7.5 10.5 13.5]
399940.0
523/1000
[ 1.5  4.5  7.5 10.5 13.5]
400530.0
524/1000
[ 1.5  4.5  7.5 10.5 13.5]
398248.0
525/1000
[ 1.5  4.5  7.5 10.5 13.5]
398906.0
526/1000
[ 1.5  4.5  7.5 10.5 13.5]
399194.0
527/1000
[ 1.5  4.5  7.5 10.5 13.5]
400756.0
528/1000
[ 1.5  4.5  7.5 10.5 13.5]
400108.0
529/1000
[ 1.5  4.5  7.5 10.5 13.5]
400666.0
530/1000
[ 1.5  4.5  7.5 10.5 13.5]
399533.0
531/1000
[ 1.5  4.5  7.5 10.5 13.5]
400179.0
532/1000
[ 1.5  4.5  7.5 10.5 13.5]
399604.0
533/1000
[ 1.5  4.5  7.5 10.5 13.5]
400223.0
534/1000
[ 1.5  4.5  7.5 10.5 13.5]
400358.0
535/1000
[ 1.5  4.5  7.5 10.5 13.5]
400692.0
536/1000
[ 1.5  4.5  7.5 10.5 13.5]
400370.0
537/1000
[ 1.5  4.5  7.5 10.5 13.5]
400050.0
538/1000
[ 1.5  4.5  7.5 10.5 13.5]
400192.0
539/1000
[ 1.5  4.5  7.5 10.5 13.5]
399428.0
540/1000
[ 1.5  4.5  7.5 10.5 13.5]
398774.0
541/1000
[ 1.5  4.5  7.5 10.5 13.5]
399912.0
542/1000
[ 1.5  4.5  7.5 10.5 13.5]
399199.0
543/1000
[ 1.5  4.5  7.5 10.5 13.5]
400389.0
544/1000
[ 1.5  4.5  7.5 10.5 13.5]
398499.0
545/1000
[ 1.5  4.5  7.5 10.5 13.5]
399207.0
546/1000
[ 1.5  4.5  7.5 10.5 13.5]
400680.0
547/1000
[ 1.5  4.5  7.5 10.5 13.5]
399983.0
548/1000
[ 1.5  4.5  7.5 10.5 13.5]
401292.0
549/1000
[ 1.5  4.5  7.5 10.5 13.5]
400594.0
550/1000
[ 1.5  4.5  7.5 10.5 13.5]
399518.0
551/1000
[ 1.5  4.5  7.5 10.5 13.5]
399413.0
552/1000
[ 1.5  4.5  7.5 10.5 13.5]
399845.0
553/1000
[ 1.5  4.5  7.5 10.5 13.5]
399544.0
554/1000
[ 1.5  4.5  7.5 10.5 13.5]
400105.0
555/1000
[ 1.5  4.5  7.5 10.5 13.5]
400386.0
556/1000
[ 1.5  4.5  7.5 10.5 13.5]
400089.0
557/1000
[ 1.5  4.5  7.5 10.5 13.5]
400873.0
558/1000
[ 1.5  4.5  7.5 10.5 13.5]
400869.0
559/1000
[ 1.5  4.5  7.5 10.5 13.5]
400247.0
560/1000
[ 1.5  4.5  7.5 10.5 13.5]
399623.0
561/1000
[ 1.5  4.5  7.5 10.5 13.5]
399316.0
562/1000
[ 1.5  4.5  7.5 10.5 13.5]
400233.0
563/1000
[ 1.5  4.5  7.5 10.5 13.5]
399718.0
564/1000
[ 1.5  4.5  7.5 10.5 13.5]
399859.0
565/1000
[ 1.5  4.5  7.5 10.5 13.5]
398347.0
566/1000
[ 1.5  4.5  7.5 10.5 13.5]
400315.0
567/1000
[ 1.5  4.5  7.5 10.5 13.5]
399839.0
568/1000
[ 1.5  4.5  7.5 10.5 13.5]
398885.0
569/1000
[ 1.5  4.5  7.5 10.5 13.5]
400166.0
570/1000
[ 1.5  4.5  7.5 10.5 13.5]
398966.0
571/1000
[ 1.5  4.5  7.5 10.5 13.5]
400113.0
572/1000
[ 1.5  4.5  7.5 10.5 13.5]
400962.0
573/1000
[ 1.5  4.5  7.5 10.5 13.5]
399304.0
574/1000
[ 1.5  4.5  7.5 10.5 13.5]
400018.0
575/1000
[ 1.5  4.5  7.5 10.5 13.5]
400317.0
576/1000
[ 1.5  4.5  7.5 10.5 13.5]
401331.0
577/1000
[ 1.5  4.5  7.5 10.5 13.5]
398822.0
578/1000
[ 1.5  4.5  7.5 10.5 13.5]
400242.0
579/1000
[ 1.5  4.5  7.5 10.5 13.5]
400528.0
580/1000
[ 1.5  4.5  7.5 10.5 13.5]
400794.0
581/1000
[ 1.5  4.5  7.5 10.5 13.5]
400041.0
582/1000
[ 1.5  4.5  7.5 10.5 13.5]
400126.0
583/1000
[ 1.5  4.5  7.5 10.5 13.5]
399924.0
584/1000
[ 1.5  4.5  7.5 10.5 13.5]
400483.0
585/1000
[ 1.5  4.5  7.5 10.5 13.5]
400103.0
586/1000
[ 1.5  4.5  7.5 10.5 13.5]
399738.0
587/1000
[ 1.5  4.5  7.5 10.5 13.5]
398975.0
588/1000
[ 1.5  4.5  7.5 10.5 13.5]
399685.0
589/1000
[ 1.5  4.5  7.5 10.5 13.5]
398418.0
590/1000
[ 1.5  4.5  7.5 10.5 13.5]
400500.0
591/1000
[ 1.5  4.5  7.5 10.5 13.5]
400411.0
592/1000
[ 1.5  4.5  7.5 10.5 13.5]
399114.0
593/1000
[ 1.5  4.5  7.5 10.5 13.5]
400186.0
594/1000
[ 1.5  4.5  7.5 10.5 13.5]
399901.0
595/1000
[ 1.5  4.5  7.5 10.5 13.5]
401306.0
596/1000
[ 1.5  4.5  7.5 10.5 13.5]
400279.0
597/1000
[ 1.5  4.5  7.5 10.5 13.5]
401078.0
598/1000
[ 1.5  4.5  7.5 10.5 13.5]
400712.0
599/1000
[ 1.5  4.5  7.5 10.5 13.5]
400152.0
600/1000
[ 1.5  4.5  7.5 10.5 13.5]
399944.0
601/1000
[ 1.5  4.5  7.5 10.5 13.5]
400800.0
602/1000
[ 1.5  4.5  7.5 10.5 13.5]
400164.0
603/1000
[ 1.5  4.5  7.5 10.5 13.5]
399596.0
604/1000
[ 1.5  4.5  7.5 10.5 13.5]
400212.0
605/1000
[ 1.5  4.5  7.5 10.5 13.5]
400332.0
606/1000
[ 1.5  4.5  7.5 10.5 13.5]
399911.0
607/1000
[ 1.5  4.5  7.5 10.5 13.5]
399099.0
608/1000
[ 1.5  4.5  7.5 10.5 13.5]
400325.0
609/1000
[ 1.5  4.5  7.5 10.5 13.5]
399026.0
610/1000
[ 1.5  4.5  7.5 10.5 13.5]
400456.0
611/1000
[ 1.5  4.5  7.5 10.5 13.5]
400315.0
612/1000
[ 1.5  4.5  7.5 10.5 13.5]
400414.0
613/1000
[ 1.5  4.5  7.5 10.5 13.5]
399588.0
614/1000
[ 1.5  4.5  7.5 10.5 13.5]
400618.0
615/1000
[ 1.5  4.5  7.5 10.5 13.5]
400419.0
616/1000
[ 1.5  4.5  7.5 10.5 13.5]
400311.0
617/1000
[ 1.5  4.5  7.5 10.5 13.5]
399572.0
618/1000
[ 1.5  4.5  7.5 10.5 13.5]
399670.0
619/1000
[ 1.5  4.5  7.5 10.5 13.5]
400133.0
620/1000
[ 1.5  4.5  7.5 10.5 13.5]
401181.0
621/1000
[ 1.5  4.5  7.5 10.5 13.5]
400017.0
622/1000
[ 1.5  4.5  7.5 10.5 13.5]
400872.0
623/1000
[ 1.5  4.5  7.5 10.5 13.5]
400822.0
624/1000
[ 1.5  4.5  7.5 10.5 13.5]
399870.0
625/1000
[ 1.5  4.5  7.5 10.5 13.5]
400653.0
626/1000
[ 1.5  4.5  7.5 10.5 13.5]
398903.0
627/1000
[ 1.5  4.5  7.5 10.5 13.5]
400839.0
628/1000
[ 1.5  4.5  7.5 10.5 13.5]
399516.0
629/1000
[ 1.5  4.5  7.5 10.5 13.5]
398176.0
630/1000
[ 1.5  4.5  7.5 10.5 13.5]
400375.0
631/1000
[ 1.5  4.5  7.5 10.5 13.5]
400403.0
632/1000
[ 1.5  4.5  7.5 10.5 13.5]
400491.0
633/1000
[ 1.5  4.5  7.5 10.5 13.5]
401033.0
634/1000
[ 1.5  4.5  7.5 10.5 13.5]
399827.0
635/1000
[ 1.5  4.5  7.5 10.5 13.5]
399891.0
636/1000
[ 1.5  4.5  7.5 10.5 13.5]
400326.0
637/1000
[ 1.5  4.5  7.5 10.5 13.5]
399702.0
638/1000
[ 1.5  4.5  7.5 10.5 13.5]
400334.0
639/1000
[ 1.5  4.5  7.5 10.5 13.5]
398835.0
640/1000
[ 1.5  4.5  7.5 10.5 13.5]
399901.0
641/1000
[ 1.5  4.5  7.5 10.5 13.5]
399175.0
642/1000
[ 1.5  4.5  7.5 10.5 13.5]
399754.0
643/1000
[ 1.5  4.5  7.5 10.5 13.5]
399921.0
644/1000
[ 1.5  4.5  7.5 10.5 13.5]
400797.0
645/1000
[ 1.5  4.5  7.5 10.5 13.5]
399714.0
646/1000
[ 1.5  4.5  7.5 10.5 13.5]
400759.0
647/1000
[ 1.5  4.5  7.5 10.5 13.5]
399307.0
648/1000
[ 1.5  4.5  7.5 10.5 13.5]
399336.0
649/1000
[ 1.5  4.5  7.5 10.5 13.5]
400638.0
650/1000
[ 1.5  4.5  7.5 10.5 13.5]
400237.0
651/1000
[ 1.5  4.5  7.5 10.5 13.5]
400078.0
652/1000
[ 1.5  4.5  7.5 10.5 13.5]
400525.0
653/1000
[ 1.5  4.5  7.5 10.5 13.5]
398186.0
654/1000
[ 1.5  4.5  7.5 10.5 13.5]
399663.0
655/1000
[ 1.5  4.5  7.5 10.5 13.5]
401720.0
656/1000
[ 1.5  4.5  7.5 10.5 13.5]
399815.0
657/1000
[ 1.5  4.5  7.5 10.5 13.5]
400685.0
658/1000
[ 1.5  4.5  7.5 10.5 13.5]
400952.0
659/1000
[ 1.5  4.5  7.5 10.5 13.5]
399543.0
660/1000
[ 1.5  4.5  7.5 10.5 13.5]
400392.0
661/1000
[ 1.5  4.5  7.5 10.5 13.5]
398942.0
662/1000
[ 1.5  4.5  7.5 10.5 13.5]
400815.0
663/1000
[ 1.5  4.5  7.5 10.5 13.5]
400816.0
664/1000
[ 1.5  4.5  7.5 10.5 13.5]
400548.0
665/1000
[ 1.5  4.5  7.5 10.5 13.5]
400426.0
666/1000
[ 1.5  4.5  7.5 10.5 13.5]
399772.0
667/1000
[ 1.5  4.5  7.5 10.5 13.5]
399182.0
668/1000
[ 1.5  4.5  7.5 10.5 13.5]
399867.0
669/1000
[ 1.5  4.5  7.5 10.5 13.5]
399612.0
670/1000
[ 1.5  4.5  7.5 10.5 13.5]
400239.0
671/1000
[ 1.5  4.5  7.5 10.5 13.5]
400357.0
672/1000
[ 1.5  4.5  7.5 10.5 13.5]
400294.0
673/1000
[ 1.5  4.5  7.5 10.5 13.5]
400147.0
674/1000
[ 1.5  4.5  7.5 10.5 13.5]
398931.0
675/1000
[ 1.5  4.5  7.5 10.5 13.5]
400299.0
676/1000
[ 1.5  4.5  7.5 10.5 13.5]
400456.0
677/1000
[ 1.5  4.5  7.5 10.5 13.5]
400845.0
678/1000
[ 1.5  4.5  7.5 10.5 13.5]
400356.0
679/1000
[ 1.5  4.5  7.5 10.5 13.5]
399807.0
680/1000
[ 1.5  4.5  7.5 10.5 13.5]
400903.0
681/1000
[ 1.5  4.5  7.5 10.5 13.5]
400016.0
682/1000
[ 1.5  4.5  7.5 10.5 13.5]
400347.0
683/1000
[ 1.5  4.5  7.5 10.5 13.5]
400525.0
684/1000
[ 1.5  4.5  7.5 10.5 13.5]
400024.0
685/1000
[ 1.5  4.5  7.5 10.5 13.5]
399209.0
686/1000
[ 1.5  4.5  7.5 10.5 13.5]
400422.0
687/1000
[ 1.5  4.5  7.5 10.5 13.5]
399595.0
688/1000
[ 1.5  4.5  7.5 10.5 13.5]
400244.0
689/1000
[ 1.5  4.5  7.5 10.5 13.5]
399678.0
690/1000
[ 1.5  4.5  7.5 10.5 13.5]
399802.0
691/1000
[ 1.5  4.5  7.5 10.5 13.5]
399365.0
692/1000
[ 1.5  4.5  7.5 10.5 13.5]
399891.0
693/1000
[ 1.5  4.5  7.5 10.5 13.5]
400237.0
694/1000
[ 1.5  4.5  7.5 10.5 13.5]
400295.0
695/1000
[ 1.5  4.5  7.5 10.5 13.5]
399769.0
696/1000
[ 1.5  4.5  7.5 10.5 13.5]
398838.0
697/1000
[ 1.5  4.5  7.5 10.5 13.5]
398544.0
698/1000
[ 1.5  4.5  7.5 10.5 13.5]
400570.0
699/1000
[ 1.5  4.5  7.5 10.5 13.5]
400520.0
700/1000
[ 1.5  4.5  7.5 10.5 13.5]
400557.0
701/1000
[ 1.5  4.5  7.5 10.5 13.5]
400407.0
702/1000
[ 1.5  4.5  7.5 10.5 13.5]
400878.0
703/1000
[ 1.5  4.5  7.5 10.5 13.5]
399798.0
704/1000
[ 1.5  4.5  7.5 10.5 13.5]
399083.0
705/1000
[ 1.5  4.5  7.5 10.5 13.5]
400037.0
706/1000
[ 1.5  4.5  7.5 10.5 13.5]
399240.0
707/1000
[ 1.5  4.5  7.5 10.5 13.5]
398911.0
708/1000
[ 1.5  4.5  7.5 10.5 13.5]
399822.0
709/1000
[ 1.5  4.5  7.5 10.5 13.5]
399437.0
710/1000
[ 1.5  4.5  7.5 10.5 13.5]
400401.0
711/1000
[ 1.5  4.5  7.5 10.5 13.5]
400821.0
712/1000
[ 1.5  4.5  7.5 10.5 13.5]
399786.0
713/1000
[ 1.5  4.5  7.5 10.5 13.5]
399682.0
714/1000
[ 1.5  4.5  7.5 10.5 13.5]
399453.0
715/1000
[ 1.5  4.5  7.5 10.5 13.5]
399776.0
716/1000
[ 1.5  4.5  7.5 10.5 13.5]
399031.0
717/1000
[ 1.5  4.5  7.5 10.5 13.5]
399473.0
718/1000
[ 1.5  4.5  7.5 10.5 13.5]
399773.0
719/1000
[ 1.5  4.5  7.5 10.5 13.5]
401394.0
720/1000
[ 1.5  4.5  7.5 10.5 13.5]
401303.0
721/1000
[ 1.5  4.5  7.5 10.5 13.5]
399874.0
722/1000
[ 1.5  4.5  7.5 10.5 13.5]
400616.0
723/1000
[ 1.5  4.5  7.5 10.5 13.5]
399183.0
724/1000
[ 1.5  4.5  7.5 10.5 13.5]
398836.0
725/1000
[ 1.5  4.5  7.5 10.5 13.5]
400040.0
726/1000
[ 1.5  4.5  7.5 10.5 13.5]
400265.0
727/1000
[ 1.5  4.5  7.5 10.5 13.5]
400285.0
728/1000
[ 1.5  4.5  7.5 10.5 13.5]
400169.0
729/1000
[ 1.5  4.5  7.5 10.5 13.5]
399739.0
730/1000
[ 1.5  4.5  7.5 10.5 13.5]
399433.0
731/1000
[ 1.5  4.5  7.5 10.5 13.5]
399122.0
732/1000
[ 1.5  4.5  7.5 10.5 13.5]
400454.0
733/1000
[ 1.5  4.5  7.5 10.5 13.5]
400577.0
734/1000
[ 1.5  4.5  7.5 10.5 13.5]
399889.0
735/1000
[ 1.5  4.5  7.5 10.5 13.5]
400080.0
736/1000
[ 1.5  4.5  7.5 10.5 13.5]
400182.0
737/1000
[ 1.5  4.5  7.5 10.5 13.5]
399854.0
738/1000
[ 1.5  4.5  7.5 10.5 13.5]
399827.0
739/1000
[ 1.5  4.5  7.5 10.5 13.5]
399853.0
740/1000
[ 1.5  4.5  7.5 10.5 13.5]
401108.0
741/1000
[ 1.5  4.5  7.5 10.5 13.5]
399871.0
742/1000
[ 1.5  4.5  7.5 10.5 13.5]
398947.0
743/1000
[ 1.5  4.5  7.5 10.5 13.5]
399643.0
744/1000
[ 1.5  4.5  7.5 10.5 13.5]
400701.0
745/1000
[ 1.5  4.5  7.5 10.5 13.5]
399718.0
746/1000
[ 1.5  4.5  7.5 10.5 13.5]
400491.0
747/1000
[ 1.5  4.5  7.5 10.5 13.5]
400385.0
748/1000
[ 1.5  4.5  7.5 10.5 13.5]
399428.0
749/1000
[ 1.5  4.5  7.5 10.5 13.5]
400114.0
750/1000
[ 1.5  4.5  7.5 10.5 13.5]
399560.0
751/1000
[ 1.5  4.5  7.5 10.5 13.5]
400328.0
752/1000
[ 1.5  4.5  7.5 10.5 13.5]
399716.0
753/1000
[ 1.5  4.5  7.5 10.5 13.5]
399453.0
754/1000
[ 1.5  4.5  7.5 10.5 13.5]
399920.0
755/1000
[ 1.5  4.5  7.5 10.5 13.5]
400117.0
756/1000
[ 1.5  4.5  7.5 10.5 13.5]
400869.0
757/1000
[ 1.5  4.5  7.5 10.5 13.5]
401034.0
758/1000
[ 1.5  4.5  7.5 10.5 13.5]
401518.0
759/1000
[ 1.5  4.5  7.5 10.5 13.5]
399987.0
760/1000
[ 1.5  4.5  7.5 10.5 13.5]
401175.0
761/1000
[ 1.5  4.5  7.5 10.5 13.5]
401417.0
762/1000
[ 1.5  4.5  7.5 10.5 13.5]
398960.0
763/1000
[ 1.5  4.5  7.5 10.5 13.5]
400456.0
764/1000
[ 1.5  4.5  7.5 10.5 13.5]
398993.0
765/1000
[ 1.5  4.5  7.5 10.5 13.5]
400548.0
766/1000
[ 1.5  4.5  7.5 10.5 13.5]
399291.0
767/1000
[ 1.5  4.5  7.5 10.5 13.5]
401344.0
768/1000
[ 1.5  4.5  7.5 10.5 13.5]
400266.0
769/1000
[ 1.5  4.5  7.5 10.5 13.5]
400225.0
770/1000
[ 1.5  4.5  7.5 10.5 13.5]
399703.0
771/1000
[ 1.5  4.5  7.5 10.5 13.5]
399872.0
772/1000
[ 1.5  4.5  7.5 10.5 13.5]
400057.0
773/1000
[ 1.5  4.5  7.5 10.5 13.5]
400051.0
774/1000
[ 1.5  4.5  7.5 10.5 13.5]
399711.0
775/1000
[ 1.5  4.5  7.5 10.5 13.5]
400530.0
776/1000
[ 1.5  4.5  7.5 10.5 13.5]
401348.0
777/1000
[ 1.5  4.5  7.5 10.5 13.5]
400346.0
778/1000
[ 1.5  4.5  7.5 10.5 13.5]
400124.0
779/1000
[ 1.5  4.5  7.5 10.5 13.5]
400574.0
780/1000
[ 1.5  4.5  7.5 10.5 13.5]
400321.0
781/1000
[ 1.5  4.5  7.5 10.5 13.5]
400418.0
782/1000
[ 1.5  4.5  7.5 10.5 13.5]
400927.0
783/1000
[ 1.5  4.5  7.5 10.5 13.5]
399999.0
784/1000
[ 1.5  4.5  7.5 10.5 13.5]
399664.0
785/1000
[ 1.5  4.5  7.5 10.5 13.5]
400403.0
786/1000
[ 1.5  4.5  7.5 10.5 13.5]
399897.0
787/1000
[ 1.5  4.5  7.5 10.5 13.5]
399751.0
788/1000
[ 1.5  4.5  7.5 10.5 13.5]
399381.0
789/1000
[ 1.5  4.5  7.5 10.5 13.5]
400447.0
790/1000
[ 1.5  4.5  7.5 10.5 13.5]
399337.0
791/1000
[ 1.5  4.5  7.5 10.5 13.5]
399899.0
792/1000
[ 1.5  4.5  7.5 10.5 13.5]
400704.0
793/1000
[ 1.5  4.5  7.5 10.5 13.5]
398931.0
794/1000
[ 1.5  4.5  7.5 10.5 13.5]
398796.0
795/1000
[ 1.5  4.5  7.5 10.5 13.5]
399699.0
796/1000
[ 1.5  4.5  7.5 10.5 13.5]
399730.0
797/1000
[ 1.5  4.5  7.5 10.5 13.5]
400428.0
798/1000
[ 1.5  4.5  7.5 10.5 13.5]
400752.0
799/1000
[ 1.5  4.5  7.5 10.5 13.5]
401072.0
800/1000
[ 1.5  4.5  7.5 10.5 13.5]
400424.0
801/1000
[ 1.5  4.5  7.5 10.5 13.5]
400570.0
802/1000
[ 1.5  4.5  7.5 10.5 13.5]
400038.0
803/1000
[ 1.5  4.5  7.5 10.5 13.5]
400760.0
804/1000
[ 1.5  4.5  7.5 10.5 13.5]
400941.0
805/1000
[ 1.5  4.5  7.5 10.5 13.5]
398994.0
806/1000
[ 1.5  4.5  7.5 10.5 13.5]
400322.99999999994
807/1000
[ 1.5  4.5  7.5 10.5 13.5]
399590.0
808/1000
[ 1.5  4.5  7.5 10.5 13.5]
399520.0
809/1000
[ 1.5  4.5  7.5 10.5 13.5]
400561.0
810/1000
[ 1.5  4.5  7.5 10.5 13.5]
398744.0
811/1000
[ 1.5  4.5  7.5 10.5 13.5]
399988.0
812/1000
[ 1.5  4.5  7.5 10.5 13.5]
399857.0
813/1000
[ 1.5  4.5  7.5 10.5 13.5]
400688.0
814/1000
[ 1.5  4.5  7.5 10.5 13.5]
399624.0
815/1000
[ 1.5  4.5  7.5 10.5 13.5]
399579.0
816/1000
[ 1.5  4.5  7.5 10.5 13.5]
400758.0
817/1000
[ 1.5  4.5  7.5 10.5 13.5]
399696.0
818/1000
[ 1.5  4.5  7.5 10.5 13.5]
400168.0
819/1000
[ 1.5  4.5  7.5 10.5 13.5]
399701.0
820/1000
[ 1.5  4.5  7.5 10.5 13.5]
399727.0
821/1000
[ 1.5  4.5  7.5 10.5 13.5]
400221.0
822/1000
[ 1.5  4.5  7.5 10.5 13.5]
400551.0
823/1000
[ 1.5  4.5  7.5 10.5 13.5]
399813.0
824/1000
[ 1.5  4.5  7.5 10.5 13.5]
400355.0
825/1000
[ 1.5  4.5  7.5 10.5 13.5]
399067.0
826/1000
[ 1.5  4.5  7.5 10.5 13.5]
399117.0
827/1000
[ 1.5  4.5  7.5 10.5 13.5]
400704.0
828/1000
[ 1.5  4.5  7.5 10.5 13.5]
399131.0
829/1000
[ 1.5  4.5  7.5 10.5 13.5]
399425.0
830/1000
[ 1.5  4.5  7.5 10.5 13.5]
399608.0
831/1000
[ 1.5  4.5  7.5 10.5 13.5]
399952.0
832/1000
[ 1.5  4.5  7.5 10.5 13.5]
400289.0
833/1000
[ 1.5  4.5  7.5 10.5 13.5]
399606.0
834/1000
[ 1.5  4.5  7.5 10.5 13.5]
400757.0
835/1000
[ 1.5  4.5  7.5 10.5 13.5]
400325.0
836/1000
[ 1.5  4.5  7.5 10.5 13.5]
399875.0
837/1000
[ 1.5  4.5  7.5 10.5 13.5]
399534.0
838/1000
[ 1.5  4.5  7.5 10.5 13.5]
399595.0
839/1000
[ 1.5  4.5  7.5 10.5 13.5]
400766.0
840/1000
[ 1.5  4.5  7.5 10.5 13.5]
399604.0
841/1000
[ 1.5  4.5  7.5 10.5 13.5]
400044.0
842/1000
[ 1.5  4.5  7.5 10.5 13.5]
401055.0
843/1000
[ 1.5  4.5  7.5 10.5 13.5]
400186.0
844/1000
[ 1.5  4.5  7.5 10.5 13.5]
399904.0
845/1000
[ 1.5  4.5  7.5 10.5 13.5]
398107.0
846/1000
[ 1.5  4.5  7.5 10.5 13.5]
401222.0
847/1000
[ 1.5  4.5  7.5 10.5 13.5]
400028.0
848/1000
[ 1.5  4.5  7.5 10.5 13.5]
399703.0
849/1000
[ 1.5  4.5  7.5 10.5 13.5]
400650.0
850/1000
[ 1.5  4.5  7.5 10.5 13.5]
400376.0
851/1000
[ 1.5  4.5  7.5 10.5 13.5]
399750.0
852/1000
[ 1.5  4.5  7.5 10.5 13.5]
400591.0
853/1000
[ 1.5  4.5  7.5 10.5 13.5]
399528.0
854/1000
[ 1.5  4.5  7.5 10.5 13.5]
400288.0
855/1000
[ 1.5  4.5  7.5 10.5 13.5]
400543.0
856/1000
[ 1.5  4.5  7.5 10.5 13.5]
400086.0
857/1000
[ 1.5  4.5  7.5 10.5 13.5]
400059.0
858/1000
[ 1.5  4.5  7.5 10.5 13.5]
400326.0
859/1000
[ 1.5  4.5  7.5 10.5 13.5]
400901.0
860/1000
[ 1.5  4.5  7.5 10.5 13.5]
400222.0
861/1000
[ 1.5  4.5  7.5 10.5 13.5]
399447.0
862/1000
[ 1.5  4.5  7.5 10.5 13.5]
400272.0
863/1000
[ 1.5  4.5  7.5 10.5 13.5]
400871.0
864/1000
[ 1.5  4.5  7.5 10.5 13.5]
399425.0
865/1000
[ 1.5  4.5  7.5 10.5 13.5]
399887.0
866/1000
[ 1.5  4.5  7.5 10.5 13.5]
400306.0
867/1000
[ 1.5  4.5  7.5 10.5 13.5]
399302.0
868/1000
[ 1.5  4.5  7.5 10.5 13.5]
401292.0
869/1000
[ 1.5  4.5  7.5 10.5 13.5]
399954.0
870/1000
[ 1.5  4.5  7.5 10.5 13.5]
399397.0
871/1000
[ 1.5  4.5  7.5 10.5 13.5]
399543.0
872/1000
[ 1.5  4.5  7.5 10.5 13.5]
399593.0
873/1000
[ 1.5  4.5  7.5 10.5 13.5]
399464.0
874/1000
[ 1.5  4.5  7.5 10.5 13.5]
399525.0
875/1000
[ 1.5  4.5  7.5 10.5 13.5]
399953.0
876/1000
[ 1.5  4.5  7.5 10.5 13.5]
399752.0
877/1000
[ 1.5  4.5  7.5 10.5 13.5]
400670.0
878/1000
[ 1.5  4.5  7.5 10.5 13.5]
399424.0
879/1000
[ 1.5  4.5  7.5 10.5 13.5]
400394.0
880/1000
[ 1.5  4.5  7.5 10.5 13.5]
400586.0
881/1000
[ 1.5  4.5  7.5 10.5 13.5]
400317.0
882/1000
[ 1.5  4.5  7.5 10.5 13.5]
399757.0
883/1000
[ 1.5  4.5  7.5 10.5 13.5]
400943.0
884/1000
[ 1.5  4.5  7.5 10.5 13.5]
399841.0
885/1000
[ 1.5  4.5  7.5 10.5 13.5]
399170.0
886/1000
[ 1.5  4.5  7.5 10.5 13.5]
399691.0
887/1000
[ 1.5  4.5  7.5 10.5 13.5]
400915.0
888/1000
[ 1.5  4.5  7.5 10.5 13.5]
399617.0
889/1000
[ 1.5  4.5  7.5 10.5 13.5]
400547.0
890/1000
[ 1.5  4.5  7.5 10.5 13.5]
400100.0
891/1000
[ 1.5  4.5  7.5 10.5 13.5]
399623.0
892/1000
[ 1.5  4.5  7.5 10.5 13.5]
400070.0
893/1000
[ 1.5  4.5  7.5 10.5 13.5]
399802.0
894/1000
[ 1.5  4.5  7.5 10.5 13.5]
400423.0
895/1000
[ 1.5  4.5  7.5 10.5 13.5]
400718.0
896/1000
[ 1.5  4.5  7.5 10.5 13.5]
398681.0
897/1000
[ 1.5  4.5  7.5 10.5 13.5]
400816.0
898/1000
[ 1.5  4.5  7.5 10.5 13.5]
399998.0
899/1000
[ 1.5  4.5  7.5 10.5 13.5]
398530.0
900/1000
[ 1.5  4.5  7.5 10.5 13.5]
400357.0
901/1000
[ 1.5  4.5  7.5 10.5 13.5]
399673.0
902/1000
[ 1.5  4.5  7.5 10.5 13.5]
399658.0
903/1000
[ 1.5  4.5  7.5 10.5 13.5]
399473.0
904/1000
[ 1.5  4.5  7.5 10.5 13.5]
399543.0
905/1000
[ 1.5  4.5  7.5 10.5 13.5]
400180.0
906/1000
[ 1.5  4.5  7.5 10.5 13.5]
398929.0
907/1000
[ 1.5  4.5  7.5 10.5 13.5]
400424.0
908/1000
[ 1.5  4.5  7.5 10.5 13.5]
399776.0
909/1000
[ 1.5  4.5  7.5 10.5 13.5]
398901.0
910/1000
[ 1.5  4.5  7.5 10.5 13.5]
400432.0
911/1000
[ 1.5  4.5  7.5 10.5 13.5]
399362.0
912/1000
[ 1.5  4.5  7.5 10.5 13.5]
399025.0
913/1000
[ 1.5  4.5  7.5 10.5 13.5]
399646.0
914/1000
[ 1.5  4.5  7.5 10.5 13.5]
399085.0
915/1000
[ 1.5  4.5  7.5 10.5 13.5]
398799.0
916/1000
[ 1.5  4.5  7.5 10.5 13.5]
399842.0
917/1000
[ 1.5  4.5  7.5 10.5 13.5]
399534.0
918/1000
[ 1.5  4.5  7.5 10.5 13.5]
400094.0
919/1000
[ 1.5  4.5  7.5 10.5 13.5]
400811.0
920/1000
[ 1.5  4.5  7.5 10.5 13.5]
400709.0
921/1000
[ 1.5  4.5  7.5 10.5 13.5]
399545.0
922/1000
[ 1.5  4.5  7.5 10.5 13.5]
400639.0
923/1000
[ 1.5  4.5  7.5 10.5 13.5]
399189.0
924/1000
[ 1.5  4.5  7.5 10.5 13.5]
400047.0
925/1000
[ 1.5  4.5  7.5 10.5 13.5]
399641.0
926/1000
[ 1.5  4.5  7.5 10.5 13.5]
400297.0
927/1000
[ 1.5  4.5  7.5 10.5 13.5]
399452.0
928/1000
[ 1.5  4.5  7.5 10.5 13.5]
400856.0
929/1000
[ 1.5  4.5  7.5 10.5 13.5]
400330.0
930/1000
[ 1.5  4.5  7.5 10.5 13.5]
400039.0
931/1000
[ 1.5  4.5  7.5 10.5 13.5]
400211.0
932/1000
[ 1.5  4.5  7.5 10.5 13.5]
400027.0
933/1000
[ 1.5  4.5  7.5 10.5 13.5]
401339.0
934/1000
[ 1.5  4.5  7.5 10.5 13.5]
399469.0
935/1000
[ 1.5  4.5  7.5 10.5 13.5]
401660.0
936/1000
[ 1.5  4.5  7.5 10.5 13.5]
399366.0
937/1000
[ 1.5  4.5  7.5 10.5 13.5]
399858.0
938/1000
[ 1.5  4.5  7.5 10.5 13.5]
400170.0
939/1000
[ 1.5  4.5  7.5 10.5 13.5]
399212.0
940/1000
[ 1.5  4.5  7.5 10.5 13.5]
400689.0
941/1000
[ 1.5  4.5  7.5 10.5 13.5]
399702.0
942/1000
[ 1.5  4.5  7.5 10.5 13.5]
399289.0
943/1000
[ 1.5  4.5  7.5 10.5 13.5]
400212.0
944/1000
[ 1.5  4.5  7.5 10.5 13.5]
400932.0
945/1000
[ 1.5  4.5  7.5 10.5 13.5]
399609.0
946/1000
[ 1.5  4.5  7.5 10.5 13.5]
399232.0
947/1000
[ 1.5  4.5  7.5 10.5 13.5]
400345.0
948/1000
[ 1.5  4.5  7.5 10.5 13.5]
400015.0
949/1000
[ 1.5  4.5  7.5 10.5 13.5]
399157.0
950/1000
[ 1.5  4.5  7.5 10.5 13.5]
400670.0
951/1000
[ 1.5  4.5  7.5 10.5 13.5]
399562.0
952/1000
[ 1.5  4.5  7.5 10.5 13.5]
400695.0
953/1000
[ 1.5  4.5  7.5 10.5 13.5]
398457.0
954/1000
[ 1.5  4.5  7.5 10.5 13.5]
400393.0
955/1000
[ 1.5  4.5  7.5 10.5 13.5]
400296.0
956/1000
[ 1.5  4.5  7.5 10.5 13.5]
399991.0
957/1000
[ 1.5  4.5  7.5 10.5 13.5]
400082.0
958/1000
[ 1.5  4.5  7.5 10.5 13.5]
400026.0
959/1000
[ 1.5  4.5  7.5 10.5 13.5]
399944.0
960/1000
[ 1.5  4.5  7.5 10.5 13.5]
399513.0
961/1000
[ 1.5  4.5  7.5 10.5 13.5]
400683.0
962/1000
[ 1.5  4.5  7.5 10.5 13.5]
399965.0
963/1000
[ 1.5  4.5  7.5 10.5 13.5]
400217.0
964/1000
[ 1.5  4.5  7.5 10.5 13.5]
399631.0
965/1000
[ 1.5  4.5  7.5 10.5 13.5]
399500.0
966/1000
[ 1.5  4.5  7.5 10.5 13.5]
400495.0
967/1000
[ 1.5  4.5  7.5 10.5 13.5]
399412.0
968/1000
[ 1.5  4.5  7.5 10.5 13.5]
400146.0
969/1000
[ 1.5  4.5  7.5 10.5 13.5]
399866.0
970/1000
[ 1.5  4.5  7.5 10.5 13.5]
400204.0
971/1000
[ 1.5  4.5  7.5 10.5 13.5]
400372.0
972/1000
[ 1.5  4.5  7.5 10.5 13.5]
398958.0
973/1000
[ 1.5  4.5  7.5 10.5 13.5]
399894.0
974/1000
[ 1.5  4.5  7.5 10.5 13.5]
399855.0
975/1000
[ 1.5  4.5  7.5 10.5 13.5]
400141.0
976/1000
[ 1.5  4.5  7.5 10.5 13.5]
399831.0
977/1000
[ 1.5  4.5  7.5 10.5 13.5]
399520.0
978/1000
[ 1.5  4.5  7.5 10.5 13.5]
400142.0
979/1000
[ 1.5  4.5  7.5 10.5 13.5]
400200.0
980/1000
[ 1.5  4.5  7.5 10.5 13.5]
400756.0
981/1000
[ 1.5  4.5  7.5 10.5 13.5]
399910.0
982/1000
[ 1.5  4.5  7.5 10.5 13.5]
400651.0
983/1000
[ 1.5  4.5  7.5 10.5 13.5]
399911.0
984/1000
[ 1.5  4.5  7.5 10.5 13.5]
400315.0
985/1000
[ 1.5  4.5  7.5 10.5 13.5]
399884.0
986/1000
[ 1.5  4.5  7.5 10.5 13.5]
400322.0
987/1000
[ 1.5  4.5  7.5 10.5 13.5]
399236.0
988/1000
[ 1.5  4.5  7.5 10.5 13.5]
399662.0
989/1000
[ 1.5  4.5  7.5 10.5 13.5]
400206.0
990/1000
[ 1.5  4.5  7.5 10.5 13.5]
399226.0
991/1000
[ 1.5  4.5  7.5 10.5 13.5]
399721.0
992/1000
[ 1.5  4.5  7.5 10.5 13.5]
398984.0
993/1000
[ 1.5  4.5  7.5 10.5 13.5]
399870.0
994/1000
[ 1.5  4.5  7.5 10.5 13.5]
400330.0
995/1000
[ 1.5  4.5  7.5 10.5 13.5]
399579.0
996/1000
[ 1.5  4.5  7.5 10.5 13.5]
400748.0
997/1000
[ 1.5  4.5  7.5 10.5 13.5]
400467.0
998/1000
[ 1.5  4.5  7.5 10.5 13.5]
401032.0
999/1000
[ 1.5  4.5  7.5 10.5 13.5]
400117.0
1000/1000
[ 1.5  4.5  7.5 10.5 13.5]
400183.0
Done.
